1	2.42077	-1
2	2.31715	-1
3	2.33414	-1
4	2.26749	-1
5	2.3054	-1
6	2.26304	-1
7	2.25932	-1
8	2.23059	-1
9	2.21809	-1
10	2.17622	-1
11	2.164	-1
12	2.16542	-1
13	2.19459	-1
14	2.10529	-1
15	2.12034	-1
16	2.04011	-1
17	1.8982	-1
18	1.78286	-1
19	1.71528	-1
20	1.77165	-1
21	2.94289	-1
22	2.12044	-1
23	2.03112	-1
24	1.69822	-1
25	1.76932	-1
26	1.71659	-1
27	1.83474	-1
28	1.27168	-1
29	1.38014	-1
30	1.3925	-1
31	1.12143	-1
32	0.968613	-1
33	0.800392	-1
34	0.802823	-1
35	0.984085	-1
36	1.08205	-1
37	1.20754	-1
38	1.21864	-1
39	0.784609	-1
40	0.791076	-1
41	0.973733	-1
42	0.732139	-1
43	0.875011	-1
44	0.595726	-1
45	0.615125	-1
46	0.587059	-1
47	0.564981	-1
48	1.02985	-1
49	0.641518	-1
50	0.666285	-1
51	0.807953	-1
52	0.632678	-1
53	0.667042	-1
54	0.719978	-1
55	0.343797	-1
56	0.367646	-1
57	0.740349	-1
58	0.425628	-1
59	0.272265	-1
60	0.34022	-1
61	0.535942	-1
62	0.416802	-1
63	0.798772	-1
64	0.39474	-1
65	0.894486	-1
66	0.330226	-1
67	0.3815	-1
68	0.372928	-1
69	0.264271	-1
70	0.55304	-1
71	0.636865	-1
72	0.535722	-1
73	0.663148	-1
74	0.381948	-1
75	0.449102	-1
76	0.535963	-1
77	0.526907	-1
78	0.364332	-1
79	0.309857	-1
80	0.290346	-1
81	0.411009	-1
82	0.521199	-1
83	0.587996	-1
84	0.313224	-1
85	0.475126	-1
86	0.39109	-1
87	0.335885	-1
88	0.370556	-1
89	0.604497	-1
90	0.267837	-1
91	0.51753	-1
92	0.302474	-1
93	0.449554	-1
94	0.405842	-1
95	0.462875	-1
96	0.220255	-1
97	0.289009	-1
98	0.279309	-1
99	0.342704	-1
100	0.377288	0.347944
101	0.34578	-1
102	0.491652	-1
103	0.924129	-1
104	0.428992	-1
105	0.433554	-1
106	0.314119	-1
107	0.295327	-1
108	0.393928	-1
109	0.474542	-1
110	0.271059	-1
111	0.389119	-1
112	0.587637	-1
113	0.294224	-1
114	0.222618	-1
115	0.296402	-1
116	0.341342	-1
117	0.320427	-1
118	0.327106	-1
119	0.363331	-1
120	0.489844	-1
121	0.314104	-1
122	0.376702	-1
123	0.444966	-1
124	0.421464	-1
125	0.434334	-1
126	0.378491	-1
127	0.393968	-1
128	0.330278	-1
129	0.159608	-1
130	0.256103	-1
131	0.208018	-1
132	0.185765	-1
133	0.17034	-1
134	0.215204	-1
135	0.409911	-1
136	0.320615	-1
137	0.141047	-1
138	0.505651	-1
139	0.175051	-1
140	0.185017	-1
141	0.502997	-1
142	0.322051	-1
143	0.218391	-1
144	0.153105	-1
145	0.303089	-1
146	0.187466	-1
147	0.111048	-1
148	0.117025	-1
149	0.270199	-1
150	0.141883	-1
151	0.108319	-1
152	0.171252	-1
153	0.373124	-1
154	0.222793	-1
155	0.31583	-1
156	0.195895	-1
157	0.25261	-1
158	0.417578	-1
159	0.640788	-1
160	0.227036	-1
161	0.305181	-1
162	0.313465	-1
163	0.350829	-1
164	0.283202	-1
165	0.169155	-1
166	0.195006	-1
167	0.152633	-1
168	0.175517	-1
169	0.348762	-1
170	0.188187	-1
171	0.230423	-1
172	0.227471	-1
173	0.301958	-1
174	0.136625	-1
175	0.348405	-1
176	0.169596	-1
177	0.219604	-1
178	0.10741	-1
179	0.230626	-1
180	0.423506	-1
181	0.161218	-1
182	0.355539	-1
183	0.338725	-1
184	0.107187	-1
185	0.369712	-1
186	0.26711	-1
187	0.312279	-1
188	0.185806	-1
189	0.18843	-1
190	0.28597	-1
191	0.274722	-1
192	0.224271	-1
193	0.16853	-1
194	0.259957	-1
195	0.41681	-1
196	0.478484	-1
197	0.524953	-1
198	0.296111	-1
199	0.142481	-1
200	0.11336	0.200924
201	0.134837	-1
202	0.171204	-1
203	0.211944	-1
204	0.174676	-1
205	0.224245	-1
206	0.282289	-1
207	0.334303	-1
208	0.23539	-1
209	0.202552	-1
210	0.107648	-1
211	0.26066	-1
212	0.137229	-1
213	0.315282	-1
214	0.0567034	-1
215	0.171699	-1
216	0.136022	-1
217	0.248774	-1
218	0.13511	-1
219	0.349712	-1
220	0.378467	-1
221	0.152915	-1
222	0.339738	-1
223	0.162091	-1
224	0.129399	-1
225	0.150242	-1
226	0.414693	-1
227	0.233908	-1
228	0.491151	-1
229	0.204577	-1
230	0.19759	-1
231	0.221696	-1
232	0.154654	-1
233	0.181621	-1
234	0.0845682	-1
235	0.143363	-1
236	0.141191	-1
237	0.197513	-1
238	0.313007	-1
239	0.358709	-1
240	0.262837	-1
241	0.259916	-1
242	0.280167	-1
243	0.18479	-1
244	0.315781	-1
245	0.229962	-1
246	0.123621	-1
247	0.066532	-1
248	0.0802923	-1
249	0.135992	-1
250	0.226091	-1
251	0.109864	-1
252	0.117608	-1
253	0.271203	-1
254	0.21025	-1
255	0.109334	-1
256	0.161526	-1
257	0.0733642	-1
258	0.0616745	-1
259	0.0976109	-1
260	0.202811	-1
261	0.11936	-1
262	0.100786	-1
263	0.128456	-1
264	0.167904	-1
265	0.203694	-1
266	0.224351	-1
267	0.139747	-1
268	0.431345	-1
269	0.358619	-1
270	0.184079	-1
271	0.143459	-1
272	0.203523	-1
273	0.247408	-1
274	0.145495	-1
275	0.137083	-1
276	0.235618	-1
277	0.231975	-1
278	0.226163	-1
279	0.0186049	-1
280	0.187197	-1
281	0.183135	-1
282	0.22966	-1
283	0.0916352	-1
284	0.103847	-1
285	0.273523	-1
286	0.242904	-1
287	0.132882	-1
288	0.163626	-1
289	0.265604	-1
290	0.330749	-1
291	0.259589	-1
292	0.188767	-1
293	0.126906	-1
294	0.079704	-1
295	0.138214	-1
296	0.113416	-1
297	0.290094	-1
298	0.10117	-1
299	0.190455	-1
300	0.212935	0.167844
301	0.212295	-1
302	0.0917081	-1
303	0.147318	-1
304	0.187965	-1
305	0.349981	-1
306	0.133286	-1
307	0.13001	-1
308	0.112034	-1
309	0.0838079	-1
310	0.133805	-1
311	0.0601078	-1
312	0.369314	-1
313	0.131052	-1
314	0.239436	-1
315	0.148716	-1
316	0.250909	-1
317	0.180589	-1
318	0.244838	-1
319	0.103907	-1
320	0.108581	-1
321	0.222068	-1
322	0.204659	-1
323	0.05012	-1
324	0.196264	-1
325	0.0553011	-1
326	0.112395	-1
327	0.143282	-1
328	0.412764	-1
329	0.0494093	-1
330	0.0923494	-1
331	0.163228	-1
332	0.108774	-1
333	0.246919	-1
334	0.230391	-1
335	0.124386	-1
336	0.105441	-1
337	0.0940328	-1
338	0.366316	-1
339	0.217026	-1
340	0.28712	-1
341	0.0590373	-1
342	0.210883	-1
343	0.113037	-1
344	0.159888	-1
345	0.203302	-1
346	0.259786	-1
347	0.0400147	-1
348	0.157005	-1
349	0.0890976	-1
350	0.33317	-1
351	0.114431	-1
352	0.374931	-1
353	0.193045	-1
354	0.303043	-1
355	0.214732	-1
356	0.158284	-1
357	0.310862	-1
358	0.192302	-1
359	0.297128	-1
360	0.226359	-1
361	0.124159	-1
362	0.349244	-1
363	0.179649	-1
364	0.13602	-1
365	0.298855	-1
366	0.256999	-1
367	0.0540714	-1
368	0.20489	-1
369	0.185519	-1
370	0.133112	-1
371	0.177525	-1
372	0.190421	-1
373	0.271375	-1
374	0.259315	-1
375	0.435874	-1
376	0.131762	-1
377	0.103552	-1
378	0.202295	-1
379	0.135357	-1
380	0.195548	-1
381	0.10516	-1
382	0.299263	-1
383	0.150158	-1
384	0.106321	-1
385	0.091326	-1
386	0.130557	-1
387	0.31613	-1
388	0.0941434	-1
389	0.0655244	-1
390	0.194506	-1
391	0.156818	-1
392	0.141043	-1
393	0.107996	-1
394	0.0945894	-1
395	0.17339	-1
396	0.160191	-1
397	0.317906	-1
398	0.0847685	-1
399	0.0969427	-1
400	0.18885	0.147905
401	0.101816	-1
402	0.283835	-1
403	0.345771	-1
404	0.135633	-1
405	0.20197	-1
406	0.0824204	-1
407	0.100809	-1
408	0.0925614	-1
409	0.110461	-1
410	0.245348	-1
411	0.143793	-1
412	0.267029	-1
413	0.305752	-1
414	0.167697	-1
415	0.23546	-1
416	0.237274	-1
417	0.364395	-1
418	0.193936	-1
419	0.122962	-1
420	0.0453128	-1
421	0.438965	-1
422	0.192827	-1
423	0.182409	-1
424	0.154498	-1
425	0.0449805	-1
426	0.18327	-1
427	0.13664	-1
428	0.127661	-1
429	0.261265	-1
430	0.0927546	-1
431	0.0694656	-1
432	0.137311	-1
433	0.0953152	-1
434	0.101194	-1
435	0.19632	-1
436	0.0523606	-1
437	0.152594	-1
438	0.0985205	-1
439	0.0845734	-1
440	0.0752444	-1
441	0.0672081	-1
442	0.20087	-1
443	0.0757902	-1
444	0.236459	-1
445	0.241252	-1
446	0.063729	-1
447	0.440797	-1
448	0.079818	-1
449	0.116612	-1
450	0.194368	-1
451	0.204199	-1
452	0.033656	-1
453	0.0614582	-1
454	0.140165	-1
455	0.0368033	-1
456	0.0733755	-1
457	0.138705	-1
458	0.0306784	-1
459	0.0635782	-1
460	0.0965985	-1
461	0.335358	-1
462	0.236667	-1
463	0.137424	-1
464	0.252145	-1
465	0.0689712	-1
466	0.113027	-1
467	0.214228	-1
468	0.148981	-1
469	0.0244491	-1
470	0.183577	-1
471	0.038005	-1
472	0.156422	-1
473	0.238798	-1
474	0.12947	-1
475	0.20673	-1
476	0.108091	-1
477	0.452077	-1
478	0.367608	-1
479	0.238117	-1
480	0.158798	-1
481	0.113886	-1
482	0.271275	-1
483	0.102392	-1
484	0.0449895	-1
485	0.0383025	-1
486	0.17373	-1
487	0.160438	-1
488	0.105498	-1
489	0.152163	-1
490	0.117186	-1
491	0.183259	-1
492	0.111764	-1
493	0.209618	-1
494	0.0719469	-1
495	0.126925	-1
496	0.074497	-1
497	0.110437	-1
498	0.275097	-1
499	0.22589	-1
500	0.122948	0.130605
501	0.323364	-1
502	0.22677	-1
503	0.092386	-1
504	0.183115	-1
505	0.0866336	-1
506	0.140451	-1
507	0.20987	-1
508	0.128473	-1
509	0.347202	-1
510	0.107037	-1
511	0.127362	-1
512	0.242802	-1
513	0.0715505	-1
514	0.17082	-1
515	0.0490628	-1
516	0.0822408	-1
517	0.176309	-1
518	0.282249	-1
519	0.0515043	-1
520	0.260441	-1
521	0.0480844	-1
522	0.179289	-1
523	0.0899822	-1
524	0.261784	-1
525	0.203905	-1
526	0.143975	-1
527	0.158479	-1
528	0.0320104	-1
529	0.185309	-1
530	0.0970308	-1
531	0.315199	-1
532	0.107713	-1
533	0.130034	-1
534	0.134548	-1
535	0.0783107	-1
536	0.0619435	-1
537	0.177954	-1
538	0.0715121	-1
539	0.154027	-1
540	0.132325	-1
541	0.343939	-1
542	0.251814	-1
543	0.327342	-1
544	0.1083	-1
545	0.0872744	-1
546	0.183893	-1
547	0.22596	-1
548	0.18676	-1
549	0.117605	-1
550	0.16019	-1
551	0.101587	-1
552	0.0741148	-1
553	0.140356	-1
554	0.0949356	-1
555	0.106589	-1
556	0.0528434	-1
557	0.134185	-1
558	0.29569	-1
559	0.34606	-1
560	0.0523243	-1
561	0.103482	-1
562	0.229213	-1
563	0.469377	-1
564	0.391287	-1
565	0.137681	-1
566	0.138082	-1
567	0.139536	-1
568	0.124028	-1
569	0.25958	-1
570	0.101394	-1
571	0.0823332	-1
572	0.0879608	-1
573	0.366282	-1
574	0.0917875	-1
575	0.290269	-1
576	0.0909166	-1
577	0.0782508	-1
578	0.17415	-1
579	0.0592201	-1
580	0.151166	-1
581	0.12845	-1
582	0.104974	-1
583	0.25279	-1
584	0.424893	-1
585	0.104438	-1
586	0.0483136	-1
587	0.304838	-1
588	0.247175	-1
589	0.096527	-1
590	0.0722067	-1
591	0.0749497	-1
592	0.247221	-1
593	0.150217	-1
594	0.207721	-1
595	0.224062	-1
596	0.0896755	-1
597	0.229037	-1
598	0.126591	-1
599	0.223378	-1
600	0.277022	0.119891
601	-1	-1
602	-1	-1
603	-1	-1
604	-1	-1
605	-1	-1
606	-1	-1
607	-1	-1
608	-1	-1
609	-1	-1
610	-1	-1
611	-1	-1
612	-1	-1
613	-1	-1
614	-1	-1
615	-1	-1
616	-1	-1
617	-1	-1
618	-1	-1
619	-1	-1
620	-1	-1
621	-1	-1
622	-1	-1
623	-1	-1
624	-1	-1
625	-1	-1
626	-1	-1
627	-1	-1
628	-1	-1
629	-1	-1
630	-1	-1
631	-1	-1
632	-1	-1
633	-1	-1
634	-1	-1
635	-1	-1
636	-1	-1
637	-1	-1
638	-1	-1
639	-1	-1
640	-1	-1
641	-1	-1
642	-1	-1
643	-1	-1
644	-1	-1
645	-1	-1
646	-1	-1
647	-1	-1
648	-1	-1
649	-1	-1
650	-1	-1
651	-1	-1
652	-1	-1
653	-1	-1
654	-1	-1
655	-1	-1
656	-1	-1
657	-1	-1
658	-1	-1
659	-1	-1
660	-1	-1
661	-1	-1
662	-1	-1
663	-1	-1
664	-1	-1
665	-1	-1
666	-1	-1
667	-1	-1
668	-1	-1
669	-1	-1
670	-1	-1
671	-1	-1
672	-1	-1
673	-1	-1
674	-1	-1
675	-1	-1
676	-1	-1
677	-1	-1
678	-1	-1
679	-1	-1
680	-1	-1
681	-1	-1
682	-1	-1
683	-1	-1
684	-1	-1
685	-1	-1
686	-1	-1
687	-1	-1
688	-1	-1
689	-1	-1
690	-1	-1
691	-1	-1
692	-1	-1
693	-1	-1
694	-1	-1
695	-1	-1
696	-1	-1
697	-1	-1
698	-1	-1
699	-1	-1
700	-1	-1
701	-1	-1
702	-1	-1
703	-1	-1
704	-1	-1
705	-1	-1
706	-1	-1
707	-1	-1
708	-1	-1
709	-1	-1
710	-1	-1
711	-1	-1
712	-1	-1
713	-1	-1
714	-1	-1
715	-1	-1
716	-1	-1
717	-1	-1
718	-1	-1
719	-1	-1
720	-1	-1
721	-1	-1
722	-1	-1
723	-1	-1
724	-1	-1
725	-1	-1
726	-1	-1
727	-1	-1
728	-1	-1
729	-1	-1
730	-1	-1
731	-1	-1
732	-1	-1
733	-1	-1
734	-1	-1
735	-1	-1
736	-1	-1
737	-1	-1
738	-1	-1
739	-1	-1
740	-1	-1
741	-1	-1
742	-1	-1
743	-1	-1
744	-1	-1
745	-1	-1
746	-1	-1
747	-1	-1
748	-1	-1
749	-1	-1
750	-1	-1
751	-1	-1
752	-1	-1
753	-1	-1
754	-1	-1
755	-1	-1
756	-1	-1
757	-1	-1
758	-1	-1
759	-1	-1
760	-1	-1
761	-1	-1
762	-1	-1
763	-1	-1
764	-1	-1
765	-1	-1
766	-1	-1
767	-1	-1
768	-1	-1
769	-1	-1
770	-1	-1
771	-1	-1
772	-1	-1
773	-1	-1
774	-1	-1
775	-1	-1
776	-1	-1
777	-1	-1
778	-1	-1
779	-1	-1
780	-1	-1
781	-1	-1
782	-1	-1
783	-1	-1
784	-1	-1
785	-1	-1
786	-1	-1
787	-1	-1
788	-1	-1
789	-1	-1
790	-1	-1
791	-1	-1
792	-1	-1
793	-1	-1
794	-1	-1
795	-1	-1
796	-1	-1
797	-1	-1
798	-1	-1
799	-1	-1
800	-1	-1
801	-1	-1
802	-1	-1
803	-1	-1
804	-1	-1
805	-1	-1
806	-1	-1
807	-1	-1
808	-1	-1
809	-1	-1
810	-1	-1
811	-1	-1
812	-1	-1
813	-1	-1
814	-1	-1
815	-1	-1
816	-1	-1
817	-1	-1
818	-1	-1
819	-1	-1
820	-1	-1
821	-1	-1
822	-1	-1
823	-1	-1
824	-1	-1
825	-1	-1
826	-1	-1
827	-1	-1
828	-1	-1
829	-1	-1
830	-1	-1
831	-1	-1
832	-1	-1
833	-1	-1
834	-1	-1
835	-1	-1
836	-1	-1
837	-1	-1
838	-1	-1
839	-1	-1
840	-1	-1
841	-1	-1
842	-1	-1
843	-1	-1
844	-1	-1
845	-1	-1
846	-1	-1
847	-1	-1
848	-1	-1
849	-1	-1
850	-1	-1
851	-1	-1
852	-1	-1
853	-1	-1
854	-1	-1
855	-1	-1
856	-1	-1
857	-1	-1
858	-1	-1
859	-1	-1
860	-1	-1
861	-1	-1
862	-1	-1
863	-1	-1
864	-1	-1
865	-1	-1
866	-1	-1
867	-1	-1
868	-1	-1
869	-1	-1
870	-1	-1
871	-1	-1
872	-1	-1
873	-1	-1
874	-1	-1
875	-1	-1
876	-1	-1
877	-1	-1
878	-1	-1
879	-1	-1
880	-1	-1
881	-1	-1
882	-1	-1
883	-1	-1
884	-1	-1
885	-1	-1
886	-1	-1
887	-1	-1
888	-1	-1
889	-1	-1
890	-1	-1
891	-1	-1
892	-1	-1
893	-1	-1
894	-1	-1
895	-1	-1
896	-1	-1
897	-1	-1
898	-1	-1
899	-1	-1
900	-1	-1
901	-1	-1
902	-1	-1
903	-1	-1
904	-1	-1
905	-1	-1
906	-1	-1
907	-1	-1
908	-1	-1
909	-1	-1
910	-1	-1
911	-1	-1
912	-1	-1
913	-1	-1
914	-1	-1
915	-1	-1
916	-1	-1
917	-1	-1
918	-1	-1
919	-1	-1
920	-1	-1
921	-1	-1
922	-1	-1
923	-1	-1
924	-1	-1
925	-1	-1
926	-1	-1
927	-1	-1
928	-1	-1
929	-1	-1
930	-1	-1
931	-1	-1
932	-1	-1
933	-1	-1
934	-1	-1
935	-1	-1
936	-1	-1
937	-1	-1
938	-1	-1
939	-1	-1
940	-1	-1
941	-1	-1
942	-1	-1
943	-1	-1
944	-1	-1
945	-1	-1
946	-1	-1
947	-1	-1
948	-1	-1
949	-1	-1
950	-1	-1
951	-1	-1
952	-1	-1
953	-1	-1
954	-1	-1
955	-1	-1
956	-1	-1
957	-1	-1
958	-1	-1
959	-1	-1
960	-1	-1
961	-1	-1
962	-1	-1
963	-1	-1
964	-1	-1
965	-1	-1
966	-1	-1
967	-1	-1
968	-1	-1
969	-1	-1
970	-1	-1
971	-1	-1
972	-1	-1
973	-1	-1
974	-1	-1
975	-1	-1
976	-1	-1
977	-1	-1
978	-1	-1
979	-1	-1
980	-1	-1
981	-1	-1
982	-1	-1
983	-1	-1
984	-1	-1
985	-1	-1
986	-1	-1
987	-1	-1
988	-1	-1
989	-1	-1
990	-1	-1
991	-1	-1
992	-1	-1
993	-1	-1
994	-1	-1
995	-1	-1
996	-1	-1
997	-1	-1
998	-1	-1
999	-1	-1
1000	-1	-1
