1	2.32537	-1
2	2.31938	-1
3	2.28506	-1
4	2.25606	-1
5	2.24241	-1
6	2.16306	-1
7	2.197	-1
8	2.17639	-1
9	2.15836	-1
10	2.16452	-1
11	2.07425	-1
12	2.15568	-1
13	2.1784	-1
14	2.04792	-1
15	1.90088	-1
16	1.83486	-1
17	1.57194	-1
18	1.48394	-1
19	1.34302	-1
20	2.20319	-1
21	3.00192	-1
22	1.97064	-1
23	1.79316	-1
24	1.7209	-1
25	1.45911	-1
26	1.21709	-1
27	1.2075	-1
28	1.00639	-1
29	0.878609	-1
30	1.35385	-1
31	1.94275	-1
32	1.08313	-1
33	1.04959	-1
34	0.821202	-1
35	0.613461	-1
36	0.650704	-1
37	0.78321	-1
38	0.851706	-1
39	0.826986	-1
40	0.525008	-1
41	0.841359	-1
42	1.21777	-1
43	0.847851	-1
44	0.866531	-1
45	0.63176	-1
46	0.643723	-1
47	0.727524	-1
48	0.863827	-1
49	0.437448	-1
50	0.495314	-1
51	0.475423	-1
52	0.636155	-1
53	0.589577	-1
54	0.861269	-1
55	0.74546	-1
56	0.627087	-1
57	0.346161	-1
58	0.497084	-1
59	0.350442	-1
60	0.457075	-1
61	0.50941	-1
62	1.21756	-1
63	0.946967	-1
64	0.655717	-1
65	0.50914	-1
66	0.272408	-1
67	0.464643	-1
68	0.502483	-1
69	0.450289	-1
70	0.453914	-1
71	0.513201	-1
72	0.497014	-1
73	0.402066	-1
74	0.473338	-1
75	0.369936	-1
76	0.438348	-1
77	0.713613	-1
78	0.484355	-1
79	0.252743	-1
80	0.316003	-1
81	0.45932	-1
82	0.341923	-1
83	0.403268	-1
84	0.206917	-1
85	0.253785	-1
86	0.230202	-1
87	0.697818	-1
88	0.778739	-1
89	0.98339	-1
90	0.542428	-1
91	0.553224	-1
92	0.276821	-1
93	0.279504	-1
94	0.320766	-1
95	0.368613	-1
96	0.49696	-1
97	0.289311	-1
98	0.256621	-1
99	0.35064	-1
100	0.355794	0.273437
101	0.184263	-1
102	0.104846	-1
103	0.133713	-1
104	0.390511	-1
105	0.26698	-1
106	0.364552	-1
107	0.134732	-1
108	0.268578	-1
109	0.640179	-1
110	0.28234	-1
111	0.340309	-1
112	0.570301	-1
113	0.399834	-1
114	0.448037	-1
115	0.449976	-1
116	0.319012	-1
117	0.291885	-1
118	0.208729	-1
119	0.178083	-1
120	0.284885	-1
121	0.270982	-1
122	0.171656	-1
123	0.273264	-1
124	0.512414	-1
125	0.143809	-1
126	0.32389	-1
127	0.320045	-1
128	0.317975	-1
129	0.191618	-1
130	0.124096	-1
131	0.252363	-1
132	0.12821	-1
133	0.13298	-1
134	0.234703	-1
135	0.381864	-1
136	0.143858	-1
137	0.386795	-1
138	0.354938	-1
139	0.222814	-1
140	0.174699	-1
141	0.148307	-1
142	0.428388	-1
143	0.365591	-1
144	0.196723	-1
145	0.0904409	-1
146	0.177569	-1
147	0.19455	-1
148	0.308266	-1
149	0.161068	-1
150	0.148952	-1
151	0.142485	-1
152	0.23507	-1
153	0.209426	-1
154	0.316751	-1
155	0.454678	-1
156	0.282577	-1
157	0.425612	-1
158	0.425774	-1
159	0.271785	-1
160	0.274104	-1
161	0.281795	-1
162	0.148862	-1
163	0.125072	-1
164	0.198102	-1
165	0.241694	-1
166	0.169536	-1
167	0.296182	-1
168	0.265009	-1
169	0.141604	-1
170	0.159805	-1
171	0.361054	-1
172	0.145081	-1
173	0.362685	-1
174	0.258009	-1
175	0.136267	-1
176	0.212616	-1
177	0.274204	-1
178	0.0915694	-1
179	0.315733	-1
180	0.141281	-1
181	0.252477	-1
182	0.228049	-1
183	0.276846	-1
184	0.384094	-1
185	0.330445	-1
186	0.203434	-1
187	0.109878	-1
188	0.161908	-1
189	0.144354	-1
190	0.186637	-1
191	0.245387	-1
192	0.073213	-1
193	0.184773	-1
194	0.182008	-1
195	0.235004	-1
196	0.155862	-1
197	0.119079	-1
198	0.109724	-1
199	0.0615122	-1
200	0.0513099	0.165246
201	0.16143	-1
202	0.0833321	-1
203	0.123077	-1
204	0.193129	-1
205	0.111834	-1
206	0.317744	-1
207	0.131336	-1
208	0.115782	-1
209	0.142437	-1
210	0.226402	-1
211	0.13736	-1
212	0.209483	-1
213	0.224764	-1
214	0.103724	-1
215	0.512811	-1
216	0.339345	-1
217	0.188158	-1
218	0.110066	-1
219	0.164091	-1
220	0.221581	-1
221	0.080046	-1
222	0.261264	-1
223	0.103164	-1
224	0.117932	-1
225	0.0879908	-1
226	0.153018	-1
227	0.332223	-1
228	0.330195	-1
229	0.137868	-1
230	0.209547	-1
231	0.0844057	-1
232	0.103077	-1
233	0.357101	-1
234	0.280671	-1
235	0.175194	-1
236	0.294773	-1
237	0.105119	-1
238	0.0764509	-1
239	0.196046	-1
240	0.131803	-1
241	0.270799	-1
242	0.168554	-1
243	0.222981	-1
244	0.412845	-1
245	0.327901	-1
246	0.0424895	-1
247	0.142046	-1
248	0.0945734	-1
249	0.0827561	-1
250	0.491983	-1
251	0.190663	-1
252	0.525452	-1
253	0.169278	-1
254	0.310223	-1
255	0.120304	-1
256	0.288426	-1
257	0.178055	-1
258	0.212315	-1
259	0.21121	-1
260	0.351102	-1
261	0.212062	-1
262	0.276961	-1
263	0.135035	-1
264	0.223539	-1
265	0.227004	-1
266	0.15101	-1
267	0.180916	-1
268	0.220881	-1
269	0.115177	-1
270	0.276736	-1
271	0.28298	-1
272	0.189468	-1
273	0.132558	-1
274	0.184813	-1
275	0.208982	-1
276	0.265966	-1
277	0.313061	-1
278	0.145789	-1
279	0.114807	-1
280	0.141128	-1
281	0.154153	-1
282	0.0672453	-1
283	0.0594089	-1
284	0.270025	-1
285	0.172891	-1
286	0.19346	-1
287	0.079458	-1
288	0.045812	-1
289	0.125003	-1
290	0.137468	-1
291	0.24803	-1
292	0.156805	-1
293	0.129036	-1
294	0.0916825	-1
295	0.065336	-1
296	0.101213	-1
297	0.156899	-1
298	0.222294	-1
299	0.105828	-1
300	0.262649	0.138191
301	0.136538	-1
302	0.162566	-1
303	0.101252	-1
304	0.0909813	-1
305	0.167573	-1
306	0.243547	-1
307	0.141538	-1
308	0.161039	-1
309	0.101259	-1
310	0.0584591	-1
311	0.141836	-1
312	0.184854	-1
313	0.178987	-1
314	0.193277	-1
315	0.174737	-1
316	0.160994	-1
317	0.189336	-1
318	0.213639	-1
319	0.104189	-1
320	0.116795	-1
321	0.189857	-1
322	0.154141	-1
323	0.0428826	-1
324	0.137903	-1
325	0.305323	-1
326	0.180267	-1
327	0.21097	-1
328	0.0875915	-1
329	0.131441	-1
330	0.223007	-1
331	0.124747	-1
332	0.197058	-1
333	0.184425	-1
334	0.124266	-1
335	0.0521053	-1
336	0.113746	-1
337	0.172018	-1
338	0.343189	-1
339	0.232856	-1
340	0.0810047	-1
341	0.125695	-1
342	0.100452	-1
343	0.172619	-1
344	0.240748	-1
345	0.140986	-1
346	0.0976705	-1
347	0.147057	-1
348	0.167875	-1
349	0.185729	-1
350	0.194606	-1
351	0.146988	-1
352	0.0940257	-1
353	0.113423	-1
354	0.32187	-1
355	0.283772	-1
356	0.20452	-1
357	0.193146	-1
358	0.159901	-1
359	0.0741214	-1
360	0.308914	-1
361	0.113564	-1
362	0.23208	-1
363	0.249105	-1
364	0.109508	-1
365	0.33704	-1
366	0.154372	-1
367	0.153374	-1
368	0.0231746	-1
369	0.0668376	-1
370	0.26075	-1
371	0.165576	-1
372	0.101844	-1
373	0.194476	-1
374	0.271892	-1
375	0.291615	-1
376	0.0749996	-1
377	0.103083	-1
378	0.141852	-1
379	0.112851	-1
380	0.0930384	-1
381	0.143842	-1
382	0.110942	-1
383	0.186146	-1
384	0.177668	-1
385	0.193555	-1
386	0.0822182	-1
387	0.0983524	-1
388	0.0261316	-1
389	0.138258	-1
390	0.175645	-1
391	0.124145	-1
392	0.182745	-1
393	0.152546	-1
394	0.0363056	-1
395	0.268276	-1
396	0.0580165	-1
397	0.358343	-1
398	0.297342	-1
399	0.123607	-1
400	0.101667	0.117007
401	-1	-1
402	-1	-1
403	-1	-1
404	-1	-1
405	-1	-1
406	-1	-1
407	-1	-1
408	-1	-1
409	-1	-1
410	-1	-1
411	-1	-1
412	-1	-1
413	-1	-1
414	-1	-1
415	-1	-1
416	-1	-1
417	-1	-1
418	-1	-1
419	-1	-1
420	-1	-1
421	-1	-1
422	-1	-1
423	-1	-1
424	-1	-1
425	-1	-1
426	-1	-1
427	-1	-1
428	-1	-1
429	-1	-1
430	-1	-1
431	-1	-1
432	-1	-1
433	-1	-1
434	-1	-1
435	-1	-1
436	-1	-1
437	-1	-1
438	-1	-1
439	-1	-1
440	-1	-1
441	-1	-1
442	-1	-1
443	-1	-1
444	-1	-1
445	-1	-1
446	-1	-1
447	-1	-1
448	-1	-1
449	-1	-1
450	-1	-1
451	-1	-1
452	-1	-1
453	-1	-1
454	-1	-1
455	-1	-1
456	-1	-1
457	-1	-1
458	-1	-1
459	-1	-1
460	-1	-1
461	-1	-1
462	-1	-1
463	-1	-1
464	-1	-1
465	-1	-1
466	-1	-1
467	-1	-1
468	-1	-1
469	-1	-1
470	-1	-1
471	-1	-1
472	-1	-1
473	-1	-1
474	-1	-1
475	-1	-1
476	-1	-1
477	-1	-1
478	-1	-1
479	-1	-1
480	-1	-1
481	-1	-1
482	-1	-1
483	-1	-1
484	-1	-1
485	-1	-1
486	-1	-1
487	-1	-1
488	-1	-1
489	-1	-1
490	-1	-1
491	-1	-1
492	-1	-1
493	-1	-1
494	-1	-1
495	-1	-1
496	-1	-1
497	-1	-1
498	-1	-1
499	-1	-1
500	-1	-1
501	-1	-1
502	-1	-1
503	-1	-1
504	-1	-1
505	-1	-1
506	-1	-1
507	-1	-1
508	-1	-1
509	-1	-1
510	-1	-1
511	-1	-1
512	-1	-1
513	-1	-1
514	-1	-1
515	-1	-1
516	-1	-1
517	-1	-1
518	-1	-1
519	-1	-1
520	-1	-1
521	-1	-1
522	-1	-1
523	-1	-1
524	-1	-1
525	-1	-1
526	-1	-1
527	-1	-1
528	-1	-1
529	-1	-1
530	-1	-1
531	-1	-1
532	-1	-1
533	-1	-1
534	-1	-1
535	-1	-1
536	-1	-1
537	-1	-1
538	-1	-1
539	-1	-1
540	-1	-1
541	-1	-1
542	-1	-1
543	-1	-1
544	-1	-1
545	-1	-1
546	-1	-1
547	-1	-1
548	-1	-1
549	-1	-1
550	-1	-1
551	-1	-1
552	-1	-1
553	-1	-1
554	-1	-1
555	-1	-1
556	-1	-1
557	-1	-1
558	-1	-1
559	-1	-1
560	-1	-1
561	-1	-1
562	-1	-1
563	-1	-1
564	-1	-1
565	-1	-1
566	-1	-1
567	-1	-1
568	-1	-1
569	-1	-1
570	-1	-1
571	-1	-1
572	-1	-1
573	-1	-1
574	-1	-1
575	-1	-1
576	-1	-1
577	-1	-1
578	-1	-1
579	-1	-1
580	-1	-1
581	-1	-1
582	-1	-1
583	-1	-1
584	-1	-1
585	-1	-1
586	-1	-1
587	-1	-1
588	-1	-1
589	-1	-1
590	-1	-1
591	-1	-1
592	-1	-1
593	-1	-1
594	-1	-1
595	-1	-1
596	-1	-1
597	-1	-1
598	-1	-1
599	-1	-1
600	-1	-1
601	-1	-1
602	-1	-1
603	-1	-1
604	-1	-1
605	-1	-1
606	-1	-1
607	-1	-1
608	-1	-1
609	-1	-1
610	-1	-1
611	-1	-1
612	-1	-1
613	-1	-1
614	-1	-1
615	-1	-1
616	-1	-1
617	-1	-1
618	-1	-1
619	-1	-1
620	-1	-1
621	-1	-1
622	-1	-1
623	-1	-1
624	-1	-1
625	-1	-1
626	-1	-1
627	-1	-1
628	-1	-1
629	-1	-1
630	-1	-1
631	-1	-1
632	-1	-1
633	-1	-1
634	-1	-1
635	-1	-1
636	-1	-1
637	-1	-1
638	-1	-1
639	-1	-1
640	-1	-1
641	-1	-1
642	-1	-1
643	-1	-1
644	-1	-1
645	-1	-1
646	-1	-1
647	-1	-1
648	-1	-1
649	-1	-1
650	-1	-1
651	-1	-1
652	-1	-1
653	-1	-1
654	-1	-1
655	-1	-1
656	-1	-1
657	-1	-1
658	-1	-1
659	-1	-1
660	-1	-1
661	-1	-1
662	-1	-1
663	-1	-1
664	-1	-1
665	-1	-1
666	-1	-1
667	-1	-1
668	-1	-1
669	-1	-1
670	-1	-1
671	-1	-1
672	-1	-1
673	-1	-1
674	-1	-1
675	-1	-1
676	-1	-1
677	-1	-1
678	-1	-1
679	-1	-1
680	-1	-1
681	-1	-1
682	-1	-1
683	-1	-1
684	-1	-1
685	-1	-1
686	-1	-1
687	-1	-1
688	-1	-1
689	-1	-1
690	-1	-1
691	-1	-1
692	-1	-1
693	-1	-1
694	-1	-1
695	-1	-1
696	-1	-1
697	-1	-1
698	-1	-1
699	-1	-1
700	-1	-1
701	-1	-1
702	-1	-1
703	-1	-1
704	-1	-1
705	-1	-1
706	-1	-1
707	-1	-1
708	-1	-1
709	-1	-1
710	-1	-1
711	-1	-1
712	-1	-1
713	-1	-1
714	-1	-1
715	-1	-1
716	-1	-1
717	-1	-1
718	-1	-1
719	-1	-1
720	-1	-1
721	-1	-1
722	-1	-1
723	-1	-1
724	-1	-1
725	-1	-1
726	-1	-1
727	-1	-1
728	-1	-1
729	-1	-1
730	-1	-1
731	-1	-1
732	-1	-1
733	-1	-1
734	-1	-1
735	-1	-1
736	-1	-1
737	-1	-1
738	-1	-1
739	-1	-1
740	-1	-1
741	-1	-1
742	-1	-1
743	-1	-1
744	-1	-1
745	-1	-1
746	-1	-1
747	-1	-1
748	-1	-1
749	-1	-1
750	-1	-1
751	-1	-1
752	-1	-1
753	-1	-1
754	-1	-1
755	-1	-1
756	-1	-1
757	-1	-1
758	-1	-1
759	-1	-1
760	-1	-1
761	-1	-1
762	-1	-1
763	-1	-1
764	-1	-1
765	-1	-1
766	-1	-1
767	-1	-1
768	-1	-1
769	-1	-1
770	-1	-1
771	-1	-1
772	-1	-1
773	-1	-1
774	-1	-1
775	-1	-1
776	-1	-1
777	-1	-1
778	-1	-1
779	-1	-1
780	-1	-1
781	-1	-1
782	-1	-1
783	-1	-1
784	-1	-1
785	-1	-1
786	-1	-1
787	-1	-1
788	-1	-1
789	-1	-1
790	-1	-1
791	-1	-1
792	-1	-1
793	-1	-1
794	-1	-1
795	-1	-1
796	-1	-1
797	-1	-1
798	-1	-1
799	-1	-1
800	-1	-1
801	-1	-1
802	-1	-1
803	-1	-1
804	-1	-1
805	-1	-1
806	-1	-1
807	-1	-1
808	-1	-1
809	-1	-1
810	-1	-1
811	-1	-1
812	-1	-1
813	-1	-1
814	-1	-1
815	-1	-1
816	-1	-1
817	-1	-1
818	-1	-1
819	-1	-1
820	-1	-1
821	-1	-1
822	-1	-1
823	-1	-1
824	-1	-1
825	-1	-1
826	-1	-1
827	-1	-1
828	-1	-1
829	-1	-1
830	-1	-1
831	-1	-1
832	-1	-1
833	-1	-1
834	-1	-1
835	-1	-1
836	-1	-1
837	-1	-1
838	-1	-1
839	-1	-1
840	-1	-1
841	-1	-1
842	-1	-1
843	-1	-1
844	-1	-1
845	-1	-1
846	-1	-1
847	-1	-1
848	-1	-1
849	-1	-1
850	-1	-1
851	-1	-1
852	-1	-1
853	-1	-1
854	-1	-1
855	-1	-1
856	-1	-1
857	-1	-1
858	-1	-1
859	-1	-1
860	-1	-1
861	-1	-1
862	-1	-1
863	-1	-1
864	-1	-1
865	-1	-1
866	-1	-1
867	-1	-1
868	-1	-1
869	-1	-1
870	-1	-1
871	-1	-1
872	-1	-1
873	-1	-1
874	-1	-1
875	-1	-1
876	-1	-1
877	-1	-1
878	-1	-1
879	-1	-1
880	-1	-1
881	-1	-1
882	-1	-1
883	-1	-1
884	-1	-1
885	-1	-1
886	-1	-1
887	-1	-1
888	-1	-1
889	-1	-1
890	-1	-1
891	-1	-1
892	-1	-1
893	-1	-1
894	-1	-1
895	-1	-1
896	-1	-1
897	-1	-1
898	-1	-1
899	-1	-1
900	-1	-1
901	-1	-1
902	-1	-1
903	-1	-1
904	-1	-1
905	-1	-1
906	-1	-1
907	-1	-1
908	-1	-1
909	-1	-1
910	-1	-1
911	-1	-1
912	-1	-1
913	-1	-1
914	-1	-1
915	-1	-1
916	-1	-1
917	-1	-1
918	-1	-1
919	-1	-1
920	-1	-1
921	-1	-1
922	-1	-1
923	-1	-1
924	-1	-1
925	-1	-1
926	-1	-1
927	-1	-1
928	-1	-1
929	-1	-1
930	-1	-1
931	-1	-1
932	-1	-1
933	-1	-1
934	-1	-1
935	-1	-1
936	-1	-1
937	-1	-1
938	-1	-1
939	-1	-1
940	-1	-1
941	-1	-1
942	-1	-1
943	-1	-1
944	-1	-1
945	-1	-1
946	-1	-1
947	-1	-1
948	-1	-1
949	-1	-1
950	-1	-1
951	-1	-1
952	-1	-1
953	-1	-1
954	-1	-1
955	-1	-1
956	-1	-1
957	-1	-1
958	-1	-1
959	-1	-1
960	-1	-1
961	-1	-1
962	-1	-1
963	-1	-1
964	-1	-1
965	-1	-1
966	-1	-1
967	-1	-1
968	-1	-1
969	-1	-1
970	-1	-1
971	-1	-1
972	-1	-1
973	-1	-1
974	-1	-1
975	-1	-1
976	-1	-1
977	-1	-1
978	-1	-1
979	-1	-1
980	-1	-1
981	-1	-1
982	-1	-1
983	-1	-1
984	-1	-1
985	-1	-1
986	-1	-1
987	-1	-1
988	-1	-1
989	-1	-1
990	-1	-1
991	-1	-1
992	-1	-1
993	-1	-1
994	-1	-1
995	-1	-1
996	-1	-1
997	-1	-1
998	-1	-1
999	-1	-1
1000	-1	-1
