1	2.42077	-1
2	2.31714	-1
3	2.33414	-1
4	2.26752	-1
5	2.30548	-1
6	2.26311	-1
7	2.25918	-1
8	2.23141	-1
9	2.21868	-1
10	2.17785	-1
11	2.16606	-1
12	2.16948	-1
13	2.19738	-1
14	2.10653	-1
15	2.11785	-1
16	2.04282	-1
17	1.90015	-1
18	1.78634	-1
19	1.72022	-1
20	1.76919	-1
21	2.83711	-1
22	2.10214	-1
23	2.01319	-1
24	1.67663	-1
25	1.75199	-1
26	1.70414	-1
27	1.82097	-1
28	1.24741	-1
29	1.36495	-1
30	1.42713	-1
31	1.11276	-1
32	0.968352	-1
33	0.803884	-1
34	0.827591	-1
35	1.06687	-1
36	1.06763	-1
37	1.02653	-1
38	1.04974	-1
39	0.774157	-1
40	0.810119	-1
41	0.997644	-1
42	0.724832	-1
43	0.890074	-1
44	0.587012	-1
45	0.565699	-1
46	0.543858	-1
47	0.565232	-1
48	1.05881	-1
49	0.642711	-1
50	0.689833	-1
51	0.792827	-1
52	0.614117	-1
53	0.700296	-1
54	0.727274	-1
55	0.361352	-1
56	0.346448	-1
57	0.739441	-1
58	0.416752	-1
59	0.271336	-1
60	0.351856	-1
61	0.572565	-1
62	0.442179	-1
63	0.794095	-1
64	0.394063	-1
65	0.906043	-1
66	0.341626	-1
67	0.381146	-1
68	0.368934	-1
69	0.255326	-1
70	0.54965	-1
71	0.567374	-1
72	0.487582	-1
73	0.615367	-1
74	0.381478	-1
75	0.452302	-1
76	0.52295	-1
77	0.562211	-1
78	0.400758	-1
79	0.331117	-1
80	0.278988	-1
81	0.39513	-1
82	0.494018	-1
83	0.581703	-1
84	0.325718	-1
85	0.507256	-1
86	0.381412	-1
87	0.320841	-1
88	0.359543	-1
89	0.603661	-1
90	0.291551	-1
91	0.542261	-1
92	0.310455	-1
93	0.427318	-1
94	0.386406	-1
95	0.448215	-1
96	0.206163	-1
97	0.297339	-1
98	0.284871	-1
99	0.308063	-1
100	0.394867	0.393886
101	0.363764	-1
102	0.494636	-1
103	0.868976	-1
104	0.424996	-1
105	0.41552	-1
106	0.314148	-1
107	0.312756	-1
108	0.390157	-1
109	0.477248	-1
110	0.262235	-1
111	0.376079	-1
112	0.5929	-1
113	0.312236	-1
114	0.237041	-1
115	0.285944	-1
116	0.311329	-1
117	0.295482	-1
118	0.322702	-1
119	0.358459	-1
120	0.472656	-1
121	0.303524	-1
122	0.369405	-1
123	0.456099	-1
124	0.457515	-1
125	0.411902	-1
126	0.348816	-1
127	0.397516	-1
128	0.335518	-1
129	0.163408	-1
130	0.241546	-1
131	0.205924	-1
132	0.170474	-1
133	0.172406	-1
134	0.229282	-1
135	0.352156	-1
136	0.291683	-1
137	0.11438	-1
138	0.486185	-1
139	0.154617	-1
140	0.168326	-1
141	0.499422	-1
142	0.365111	-1
143	0.247291	-1
144	0.161629	-1
145	0.288014	-1
146	0.187096	-1
147	0.119296	-1
148	0.126218	-1
149	0.272337	-1
150	0.155047	-1
151	0.113859	-1
152	0.167962	-1
153	0.348465	-1
154	0.207844	-1
155	0.319308	-1
156	0.191631	-1
157	0.265634	-1
158	0.44349	-1
159	0.666545	-1
160	0.195028	-1
161	0.324734	-1
162	0.300214	-1
163	0.322419	-1
164	0.274147	-1
165	0.167434	-1
166	0.199766	-1
167	0.131648	-1
168	0.159301	-1
169	0.371084	-1
170	0.186197	-1
171	0.248668	-1
172	0.210309	-1
173	0.282012	-1
174	0.120336	-1
175	0.368554	-1
176	0.21809	-1
177	0.189283	-1
178	0.100632	-1
179	0.216707	-1
180	0.407791	-1
181	0.1533	-1
182	0.366869	-1
183	0.320253	-1
184	0.110348	-1
185	0.347364	-1
186	0.263603	-1
187	0.329666	-1
188	0.180498	-1
189	0.172494	-1
190	0.288553	-1
191	0.265448	-1
192	0.233208	-1
193	0.154471	-1
194	0.245463	-1
195	0.39403	-1
196	0.496316	-1
197	0.451712	-1
198	0.257247	-1
199	0.123324	-1
200	0.107959	0.201474
201	0.138827	-1
202	0.184762	-1
203	0.21795	-1
204	0.180446	-1
205	0.224873	-1
206	0.238964	-1
207	0.337722	-1
208	0.218567	-1
209	0.200061	-1
210	0.11502	-1
211	0.242604	-1
212	0.130509	-1
213	0.293378	-1
214	0.0580009	-1
215	0.197114	-1
216	0.131345	-1
217	0.2522	-1
218	0.147279	-1
219	0.368548	-1
220	0.389945	-1
221	0.164861	-1
222	0.333686	-1
223	0.153484	-1
224	0.132274	-1
225	0.177531	-1
226	0.406809	-1
227	0.215962	-1
228	0.483558	-1
229	0.210635	-1
230	0.196792	-1
231	0.219464	-1
232	0.137278	-1
233	0.172521	-1
234	0.0887873	-1
235	0.151467	-1
236	0.180252	-1
237	0.188334	-1
238	0.328456	-1
239	0.339606	-1
240	0.249834	-1
241	0.21663	-1
242	0.30002	-1
243	0.165279	-1
244	0.303268	-1
245	0.24956	-1
246	0.12623	-1
247	0.068653	-1
248	0.0827215	-1
249	0.125203	-1
250	0.212211	-1
251	0.078449	-1
252	0.132885	-1
253	0.283844	-1
254	0.229991	-1
255	0.10374	-1
256	0.155816	-1
257	0.0616522	-1
258	0.0554737	-1
259	0.111079	-1
260	0.200294	-1
261	0.125517	-1
262	0.0985768	-1
263	0.120798	-1
264	0.147772	-1
265	0.200002	-1
266	0.236761	-1
267	0.123915	-1
268	0.416134	-1
269	0.3964	-1
270	0.192894	-1
271	0.139417	-1
272	0.171229	-1
273	0.228156	-1
274	0.140193	-1
275	0.129433	-1
276	0.224313	-1
277	0.25486	-1
278	0.232461	-1
279	0.0232964	-1
280	0.179735	-1
281	0.158575	-1
282	0.204933	-1
283	0.107833	-1
284	0.106741	-1
285	0.257654	-1
286	0.241714	-1
287	0.137102	-1
288	0.153928	-1
289	0.247886	-1
290	0.289149	-1
291	0.279227	-1
292	0.187086	-1
293	0.118147	-1
294	0.0780399	-1
295	0.115006	-1
296	0.111816	-1
297	0.294947	-1
298	0.0965492	-1
299	0.179245	-1
300	0.220764	0.165482
301	0.229791	-1
302	0.0854748	-1
303	0.140829	-1
304	0.162982	-1
305	0.333462	-1
306	0.133802	-1
307	0.121912	-1
308	0.0975796	-1
309	0.0819591	-1
310	0.124514	-1
311	0.0522818	-1
312	0.346524	-1
313	0.132434	-1
314	0.247165	-1
315	0.148093	-1
316	0.271775	-1
317	0.163995	-1
318	0.242333	-1
319	0.126709	-1
320	0.0914554	-1
321	0.256176	-1
322	0.205913	-1
323	0.0544262	-1
324	0.210983	-1
325	0.0637322	-1
326	0.103399	-1
327	0.132593	-1
328	0.425102	-1
329	0.0492691	-1
330	0.0951246	-1
331	0.15991	-1
332	0.10222	-1
333	0.236702	-1
334	0.217369	-1
335	0.10829	-1
336	0.0989186	-1
337	0.0947	-1
338	0.359814	-1
339	0.244253	-1
340	0.292341	-1
341	0.0761439	-1
342	0.205574	-1
343	0.105968	-1
344	0.161058	-1
345	0.205562	-1
346	0.294063	-1
347	0.0329538	-1
348	0.162104	-1
349	0.0788312	-1
350	0.3014	-1
351	0.13154	-1
352	0.362614	-1
353	0.155776	-1
354	0.319327	-1
355	0.220024	-1
356	0.178679	-1
357	0.295123	-1
358	0.210241	-1
359	0.272215	-1
360	0.266912	-1
361	0.0961421	-1
362	0.349583	-1
363	0.181535	-1
364	0.14021	-1
365	0.295787	-1
366	0.263688	-1
367	0.0607197	-1
368	0.197959	-1
369	0.192517	-1
370	0.133491	-1
371	0.164913	-1
372	0.209523	-1
373	0.254813	-1
374	0.234173	-1
375	0.418799	-1
376	0.123504	-1
377	0.0967301	-1
378	0.172131	-1
379	0.11077	-1
380	0.188984	-1
381	0.106858	-1
382	0.278428	-1
383	0.169306	-1
384	0.113183	-1
385	0.108398	-1
386	0.106144	-1
387	0.336143	-1
388	0.10272	-1
389	0.0597488	-1
390	0.188888	-1
391	0.154498	-1
392	0.149243	-1
393	0.104936	-1
394	0.0807006	-1
395	0.185314	-1
396	0.152715	-1
397	0.290219	-1
398	0.0692185	-1
399	0.0804512	-1
400	0.168081	0.138362
401	0.0694259	-1
402	0.302228	-1
403	0.331183	-1
404	0.110678	-1
405	0.204413	-1
406	0.0680344	-1
407	0.111227	-1
408	0.0883758	-1
409	0.127039	-1
410	0.232986	-1
411	0.164464	-1
412	0.206437	-1
413	0.285263	-1
414	0.174255	-1
415	0.286264	-1
416	0.276124	-1
417	0.370122	-1
418	0.183993	-1
419	0.130845	-1
420	0.050033	-1
421	0.445888	-1
422	0.224589	-1
423	0.203582	-1
424	0.18844	-1
425	0.048783	-1
426	0.191659	-1
427	0.144224	-1
428	0.121241	-1
429	0.218551	-1
430	0.0836942	-1
431	0.0667954	-1
432	0.132142	-1
433	0.0899085	-1
434	0.104093	-1
435	0.191206	-1
436	0.0461436	-1
437	0.164313	-1
438	0.0814508	-1
439	0.0770746	-1
440	0.0876606	-1
441	0.0716808	-1
442	0.204842	-1
443	0.0802629	-1
444	0.233851	-1
445	0.234586	-1
446	0.0587393	-1
447	0.45842	-1
448	0.0752289	-1
449	0.138415	-1
450	0.192313	-1
451	0.228938	-1
452	0.0360749	-1
453	0.0480316	-1
454	0.129505	-1
455	0.036812	-1
456	0.0723936	-1
457	0.170141	-1
458	0.0269424	-1
459	0.0593159	-1
460	0.0603736	-1
461	0.31954	-1
462	0.223274	-1
463	0.160598	-1
464	0.242724	-1
465	0.0432828	-1
466	0.115494	-1
467	0.20121	-1
468	0.143017	-1
469	0.0259794	-1
470	0.178908	-1
471	0.0465533	-1
472	0.183009	-1
473	0.222798	-1
474	0.139989	-1
475	0.205999	-1
476	0.123401	-1
477	0.491859	-1
478	0.301618	-1
479	0.209411	-1
480	0.187472	-1
481	0.115156	-1
482	0.224738	-1
483	0.0911095	-1
484	0.0743636	-1
485	0.035987	-1
486	0.162033	-1
487	0.137195	-1
488	0.106602	-1
489	0.136269	-1
490	0.122094	-1
491	0.194592	-1
492	0.117874	-1
493	0.185013	-1
494	0.079635	-1
495	0.120751	-1
496	0.0887554	-1
497	0.0946585	-1
498	0.297501	-1
499	0.218186	-1
500	0.123772	0.130413
501	0.29781	-1
502	0.19763	-1
503	0.0995327	-1
504	0.126863	-1
505	0.0871614	-1
506	0.116693	-1
507	0.224828	-1
508	0.104665	-1
509	0.355593	-1
510	0.0945127	-1
511	0.0992206	-1
512	0.190422	-1
513	0.0571372	-1
514	0.20364	-1
515	0.0489571	-1
516	0.0754744	-1
517	0.194673	-1
518	0.282151	-1
519	0.0503365	-1
520	0.258888	-1
521	0.0552666	-1
522	0.169537	-1
523	0.0899567	-1
524	0.241222	-1
525	0.219933	-1
526	0.140813	-1
527	0.138316	-1
528	0.032949	-1
529	0.192049	-1
530	0.0882493	-1
531	0.327616	-1
532	0.110597	-1
533	0.136851	-1
534	0.144608	-1
535	0.0745675	-1
536	0.0712122	-1
537	0.169305	-1
538	0.0636462	-1
539	0.122639	-1
540	0.114798	-1
541	0.31441	-1
542	0.249158	-1
543	0.380443	-1
544	0.119665	-1
545	0.103551	-1
546	0.138051	-1
547	0.222702	-1
548	0.211054	-1
549	0.125433	-1
550	0.172916	-1
551	0.0901549	-1
552	0.0648675	-1
553	0.140799	-1
554	0.0951505	-1
555	0.115499	-1
556	0.0432304	-1
557	0.144427	-1
558	0.299117	-1
559	0.340651	-1
560	0.0530558	-1
561	0.100183	-1
562	0.209652	-1
563	0.447377	-1
564	0.424295	-1
565	0.136543	-1
566	0.15441	-1
567	0.12699	-1
568	0.129284	-1
569	0.261145	-1
570	0.108055	-1
571	0.0903425	-1
572	0.0943179	-1
573	0.355102	-1
574	0.0725466	-1
575	0.259727	-1
576	0.0942453	-1
577	0.0774608	-1
578	0.165936	-1
579	0.0554925	-1
580	0.180681	-1
581	0.129287	-1
582	0.100119	-1
583	0.26082	-1
584	0.387664	-1
585	0.102899	-1
586	0.038904	-1
587	0.338633	-1
588	0.217952	-1
589	0.0882473	-1
590	0.0639614	-1
591	0.0960722	-1
592	0.22921	-1
593	0.150592	-1
594	0.20153	-1
595	0.221761	-1
596	0.10409	-1
597	0.233226	-1
598	0.0879112	-1
599	0.217479	-1
600	0.266048	0.128549
601	-1	-1
602	-1	-1
603	-1	-1
604	-1	-1
605	-1	-1
606	-1	-1
607	-1	-1
608	-1	-1
609	-1	-1
610	-1	-1
611	-1	-1
612	-1	-1
613	-1	-1
614	-1	-1
615	-1	-1
616	-1	-1
617	-1	-1
618	-1	-1
619	-1	-1
620	-1	-1
621	-1	-1
622	-1	-1
623	-1	-1
624	-1	-1
625	-1	-1
626	-1	-1
627	-1	-1
628	-1	-1
629	-1	-1
630	-1	-1
631	-1	-1
632	-1	-1
633	-1	-1
634	-1	-1
635	-1	-1
636	-1	-1
637	-1	-1
638	-1	-1
639	-1	-1
640	-1	-1
641	-1	-1
642	-1	-1
643	-1	-1
644	-1	-1
645	-1	-1
646	-1	-1
647	-1	-1
648	-1	-1
649	-1	-1
650	-1	-1
651	-1	-1
652	-1	-1
653	-1	-1
654	-1	-1
655	-1	-1
656	-1	-1
657	-1	-1
658	-1	-1
659	-1	-1
660	-1	-1
661	-1	-1
662	-1	-1
663	-1	-1
664	-1	-1
665	-1	-1
666	-1	-1
667	-1	-1
668	-1	-1
669	-1	-1
670	-1	-1
671	-1	-1
672	-1	-1
673	-1	-1
674	-1	-1
675	-1	-1
676	-1	-1
677	-1	-1
678	-1	-1
679	-1	-1
680	-1	-1
681	-1	-1
682	-1	-1
683	-1	-1
684	-1	-1
685	-1	-1
686	-1	-1
687	-1	-1
688	-1	-1
689	-1	-1
690	-1	-1
691	-1	-1
692	-1	-1
693	-1	-1
694	-1	-1
695	-1	-1
696	-1	-1
697	-1	-1
698	-1	-1
699	-1	-1
700	-1	-1
701	-1	-1
702	-1	-1
703	-1	-1
704	-1	-1
705	-1	-1
706	-1	-1
707	-1	-1
708	-1	-1
709	-1	-1
710	-1	-1
711	-1	-1
712	-1	-1
713	-1	-1
714	-1	-1
715	-1	-1
716	-1	-1
717	-1	-1
718	-1	-1
719	-1	-1
720	-1	-1
721	-1	-1
722	-1	-1
723	-1	-1
724	-1	-1
725	-1	-1
726	-1	-1
727	-1	-1
728	-1	-1
729	-1	-1
730	-1	-1
731	-1	-1
732	-1	-1
733	-1	-1
734	-1	-1
735	-1	-1
736	-1	-1
737	-1	-1
738	-1	-1
739	-1	-1
740	-1	-1
741	-1	-1
742	-1	-1
743	-1	-1
744	-1	-1
745	-1	-1
746	-1	-1
747	-1	-1
748	-1	-1
749	-1	-1
750	-1	-1
751	-1	-1
752	-1	-1
753	-1	-1
754	-1	-1
755	-1	-1
756	-1	-1
757	-1	-1
758	-1	-1
759	-1	-1
760	-1	-1
761	-1	-1
762	-1	-1
763	-1	-1
764	-1	-1
765	-1	-1
766	-1	-1
767	-1	-1
768	-1	-1
769	-1	-1
770	-1	-1
771	-1	-1
772	-1	-1
773	-1	-1
774	-1	-1
775	-1	-1
776	-1	-1
777	-1	-1
778	-1	-1
779	-1	-1
780	-1	-1
781	-1	-1
782	-1	-1
783	-1	-1
784	-1	-1
785	-1	-1
786	-1	-1
787	-1	-1
788	-1	-1
789	-1	-1
790	-1	-1
791	-1	-1
792	-1	-1
793	-1	-1
794	-1	-1
795	-1	-1
796	-1	-1
797	-1	-1
798	-1	-1
799	-1	-1
800	-1	-1
801	-1	-1
802	-1	-1
803	-1	-1
804	-1	-1
805	-1	-1
806	-1	-1
807	-1	-1
808	-1	-1
809	-1	-1
810	-1	-1
811	-1	-1
812	-1	-1
813	-1	-1
814	-1	-1
815	-1	-1
816	-1	-1
817	-1	-1
818	-1	-1
819	-1	-1
820	-1	-1
821	-1	-1
822	-1	-1
823	-1	-1
824	-1	-1
825	-1	-1
826	-1	-1
827	-1	-1
828	-1	-1
829	-1	-1
830	-1	-1
831	-1	-1
832	-1	-1
833	-1	-1
834	-1	-1
835	-1	-1
836	-1	-1
837	-1	-1
838	-1	-1
839	-1	-1
840	-1	-1
841	-1	-1
842	-1	-1
843	-1	-1
844	-1	-1
845	-1	-1
846	-1	-1
847	-1	-1
848	-1	-1
849	-1	-1
850	-1	-1
851	-1	-1
852	-1	-1
853	-1	-1
854	-1	-1
855	-1	-1
856	-1	-1
857	-1	-1
858	-1	-1
859	-1	-1
860	-1	-1
861	-1	-1
862	-1	-1
863	-1	-1
864	-1	-1
865	-1	-1
866	-1	-1
867	-1	-1
868	-1	-1
869	-1	-1
870	-1	-1
871	-1	-1
872	-1	-1
873	-1	-1
874	-1	-1
875	-1	-1
876	-1	-1
877	-1	-1
878	-1	-1
879	-1	-1
880	-1	-1
881	-1	-1
882	-1	-1
883	-1	-1
884	-1	-1
885	-1	-1
886	-1	-1
887	-1	-1
888	-1	-1
889	-1	-1
890	-1	-1
891	-1	-1
892	-1	-1
893	-1	-1
894	-1	-1
895	-1	-1
896	-1	-1
897	-1	-1
898	-1	-1
899	-1	-1
900	-1	-1
901	-1	-1
902	-1	-1
903	-1	-1
904	-1	-1
905	-1	-1
906	-1	-1
907	-1	-1
908	-1	-1
909	-1	-1
910	-1	-1
911	-1	-1
912	-1	-1
913	-1	-1
914	-1	-1
915	-1	-1
916	-1	-1
917	-1	-1
918	-1	-1
919	-1	-1
920	-1	-1
921	-1	-1
922	-1	-1
923	-1	-1
924	-1	-1
925	-1	-1
926	-1	-1
927	-1	-1
928	-1	-1
929	-1	-1
930	-1	-1
931	-1	-1
932	-1	-1
933	-1	-1
934	-1	-1
935	-1	-1
936	-1	-1
937	-1	-1
938	-1	-1
939	-1	-1
940	-1	-1
941	-1	-1
942	-1	-1
943	-1	-1
944	-1	-1
945	-1	-1
946	-1	-1
947	-1	-1
948	-1	-1
949	-1	-1
950	-1	-1
951	-1	-1
952	-1	-1
953	-1	-1
954	-1	-1
955	-1	-1
956	-1	-1
957	-1	-1
958	-1	-1
959	-1	-1
960	-1	-1
961	-1	-1
962	-1	-1
963	-1	-1
964	-1	-1
965	-1	-1
966	-1	-1
967	-1	-1
968	-1	-1
969	-1	-1
970	-1	-1
971	-1	-1
972	-1	-1
973	-1	-1
974	-1	-1
975	-1	-1
976	-1	-1
977	-1	-1
978	-1	-1
979	-1	-1
980	-1	-1
981	-1	-1
982	-1	-1
983	-1	-1
984	-1	-1
985	-1	-1
986	-1	-1
987	-1	-1
988	-1	-1
989	-1	-1
990	-1	-1
991	-1	-1
992	-1	-1
993	-1	-1
994	-1	-1
995	-1	-1
996	-1	-1
997	-1	-1
998	-1	-1
999	-1	-1
1000	-1	-1
