1	2.35078	-1
2	2.31766	-1
3	2.24002	-1
4	2.17374	-1
5	2.1143	-1
6	2.2059	-1
7	2.10028	-1
8	2.00328	-1
9	2.05866	-1
10	1.95946	-1
11	2.01679	-1
12	1.91279	-1
13	1.81672	-1
14	1.70096	-1
15	1.63129	-1
16	1.7942	-1
17	1.52793	-1
18	1.48714	-1
19	1.40563	-1
20	1.47223	-1
21	1.49738	-1
22	1.50757	-1
23	1.20269	-1
24	1.08823	-1
25	1.25397	-1
26	1.6512	-1
27	0.965768	-1
28	0.981223	-1
29	0.883052	-1
30	0.909331	-1
31	0.88677	-1
32	0.899214	-1
33	0.790906	-1
34	0.836016	-1
35	0.750913	-1
36	0.848942	-1
37	0.644846	-1
38	0.757749	-1
39	0.943365	-1
40	0.786376	-1
41	0.892637	-1
42	1.03691	-1
43	0.944932	-1
44	1.15288	-1
45	0.699126	-1
46	0.566749	-1
47	0.588237	-1
48	0.585165	-1
49	0.41209	-1
50	0.360782	-1
51	0.544539	-1
52	0.709944	-1
53	0.72799	-1
54	0.971603	-1
55	0.746906	-1
56	0.618311	-1
57	0.743707	-1
58	0.684889	-1
59	0.4146	-1
60	0.605963	-1
61	0.55739	-1
62	0.555193	-1
63	0.554088	-1
64	0.597557	-1
65	0.730785	-1
66	0.53985	-1
67	0.499221	-1
68	0.520834	-1
69	0.600287	-1
70	0.475049	-1
71	0.382805	-1
72	0.357592	-1
73	0.671387	-1
74	0.638606	-1
75	0.561398	-1
76	0.615761	-1
77	0.364384	-1
78	0.647832	-1
79	0.298842	-1
80	0.423666	-1
81	0.46331	-1
82	0.577892	-1
83	0.521242	-1
84	0.269531	-1
85	0.564114	-1
86	0.414663	-1
87	0.380869	-1
88	0.486109	-1
89	0.385249	-1
90	0.285208	-1
91	0.209549	-1
92	0.284051	-1
93	0.37505	-1
94	0.398126	-1
95	0.369801	-1
96	0.285305	-1
97	0.649431	-1
98	0.502108	-1
99	0.601668	-1
100	0.383202	0.364784
101	0.495218	-1
102	0.549681	-1
103	0.361833	-1
104	0.262184	-1
105	0.269102	-1
106	0.579083	-1
107	0.393134	-1
108	0.562307	-1
109	0.298288	-1
110	0.386274	-1
111	0.434938	-1
112	0.324214	-1
113	0.428038	-1
114	0.323403	-1
115	0.271204	-1
116	0.370349	-1
117	0.422473	-1
118	0.70668	-1
119	0.714906	-1
120	0.810055	-1
121	0.493752	-1
122	0.490849	-1
123	0.36346	-1
124	0.35727	-1
125	0.308027	-1
126	0.331029	-1
127	0.455448	-1
128	0.28699	-1
129	0.333618	-1
130	0.286021	-1
131	0.214362	-1
132	0.297988	-1
133	0.238927	-1
134	0.220402	-1
135	0.393996	-1
136	0.39659	-1
137	0.463142	-1
138	0.409642	-1
139	0.207343	-1
140	0.444355	-1
141	0.728201	-1
142	0.471027	-1
143	0.17894	-1
144	0.321318	-1
145	0.384752	-1
146	0.265189	-1
147	0.226743	-1
148	0.219263	-1
149	0.336872	-1
150	0.603981	-1
151	0.476846	-1
152	0.342307	-1
153	0.60855	-1
154	0.607872	-1
155	0.350932	-1
156	0.487789	-1
157	0.417261	-1
158	0.35027	-1
159	0.471202	-1
160	0.664162	-1
161	0.51488	-1
162	0.333632	-1
163	0.488335	-1
164	0.309333	-1
165	0.22924	-1
166	0.443138	-1
167	0.225761	-1
168	0.177876	-1
169	0.359772	-1
170	0.384971	-1
171	0.532442	-1
172	0.661727	-1
173	0.187578	-1
174	0.273642	-1
175	0.261351	-1
176	0.129048	-1
177	0.215551	-1
178	0.285115	-1
179	0.350019	-1
180	0.262084	-1
181	0.293482	-1
182	0.544522	-1
183	0.535236	-1
184	0.32574	-1
185	0.127844	-1
186	0.187468	-1
187	0.390886	-1
188	0.392823	-1
189	0.286405	-1
190	0.210599	-1
191	0.188057	-1
192	0.137224	-1
193	0.150791	-1
194	0.15893	-1
195	0.107437	-1
196	0.193556	-1
197	0.312827	-1
198	0.238884	-1
199	0.321963	-1
200	0.351023	0.223983
201	0.316442	-1
202	0.351756	-1
203	0.454091	-1
204	0.255149	-1
205	0.215767	-1
206	0.302654	-1
207	0.186099	-1
208	0.174585	-1
209	0.384588	-1
210	0.424884	-1
211	0.203338	-1
212	0.221595	-1
213	0.215564	-1
214	0.403684	-1
215	0.256223	-1
216	0.432523	-1
217	0.336805	-1
218	0.194008	-1
219	0.335497	-1
220	0.254071	-1
221	0.23707	-1
222	0.295877	-1
223	0.203364	-1
224	0.418661	-1
225	0.197975	-1
226	0.266173	-1
227	0.258299	-1
228	0.254449	-1
229	0.121807	-1
230	0.321365	-1
231	0.290454	-1
232	0.276611	-1
233	0.422976	-1
234	0.227065	-1
235	0.0637498	-1
236	0.248791	-1
237	0.136153	-1
238	0.297049	-1
239	0.160683	-1
240	0.292116	-1
241	0.265512	-1
242	0.265905	-1
243	0.200951	-1
244	0.199949	-1
245	0.326927	-1
246	0.185556	-1
247	0.191775	-1
248	0.159579	-1
249	0.301246	-1
250	0.232781	-1
251	0.254211	-1
252	0.171693	-1
253	0.217395	-1
254	0.208061	-1
255	0.402335	-1
256	0.225024	-1
257	0.231228	-1
258	0.203562	-1
259	0.330666	-1
260	0.289836	-1
261	0.272116	-1
262	0.222943	-1
263	0.142779	-1
264	0.206442	-1
265	0.10956	-1
266	0.338604	-1
267	0.341051	-1
268	0.311735	-1
269	0.175142	-1
270	0.190064	-1
271	0.300727	-1
272	0.242835	-1
273	0.150815	-1
274	0.236265	-1
275	0.176681	-1
276	0.0810319	-1
277	0.239308	-1
278	0.148072	-1
279	0.188505	-1
280	0.235102	-1
281	0.236	-1
282	0.080824	-1
283	0.194097	-1
284	0.293723	-1
285	0.435079	-1
286	0.204502	-1
287	0.102021	-1
288	0.195663	-1
289	0.149678	-1
290	0.421174	-1
291	0.176313	-1
292	0.435488	-1
293	0.278994	-1
294	0.164846	-1
295	0.259111	-1
296	0.132351	-1
297	0.156403	-1
298	0.105495	-1
299	0.22641	-1
300	0.177476	0.207394
301	0.314954	-1
302	0.22894	-1
303	0.192993	-1
304	0.246707	-1
305	0.349024	-1
306	0.519628	-1
307	0.097281	-1
308	0.15864	-1
309	0.27855	-1
310	0.471405	-1
311	0.402008	-1
312	0.207956	-1
313	0.131489	-1
314	0.106099	-1
315	0.236289	-1
316	0.269468	-1
317	0.233726	-1
318	0.272698	-1
319	0.119942	-1
320	0.133945	-1
321	0.272807	-1
322	0.274031	-1
323	0.207125	-1
324	0.26872	-1
325	0.0619196	-1
326	0.119951	-1
327	0.292085	-1
328	0.218834	-1
329	0.180153	-1
330	0.321	-1
331	0.176811	-1
332	0.140376	-1
333	0.191737	-1
334	0.0996484	-1
335	0.241741	-1
336	0.254657	-1
337	0.223829	-1
338	0.228764	-1
339	0.0890339	-1
340	0.0751484	-1
341	0.280404	-1
342	0.245142	-1
343	0.0991089	-1
344	0.248872	-1
345	0.545578	-1
346	0.185146	-1
347	0.31732	-1
348	0.216409	-1
349	0.202118	-1
350	0.254568	-1
351	0.243793	-1
352	0.246501	-1
353	0.333639	-1
354	0.303552	-1
355	0.343654	-1
356	0.173409	-1
357	0.159145	-1
358	0.12272	-1
359	0.121281	-1
360	0.221412	-1
361	0.285108	-1
362	0.259273	-1
363	0.205734	-1
364	0.156389	-1
365	0.0914242	-1
366	0.163197	-1
367	0.267399	-1
368	0.166536	-1
369	0.272479	-1
370	0.332654	-1
371	0.274556	-1
372	0.132313	-1
373	0.0630581	-1
374	0.33692	-1
375	0.228502	-1
376	0.304534	-1
377	0.0863822	-1
378	0.1885	-1
379	0.145716	-1
380	0.15973	-1
381	0.201224	-1
382	0.109769	-1
383	0.446672	-1
384	0.118598	-1
385	0.228165	-1
386	0.136898	-1
387	0.12164	-1
388	0.140528	-1
389	0.122304	-1
390	0.301996	-1
391	0.170305	-1
392	0.13415	-1
393	0.223187	-1
394	0.184072	-1
395	0.118647	-1
396	0.254266	-1
397	0.163524	-1
398	0.18177	-1
399	0.253806	-1
400	0.184088	0.164901
401	0.209146	-1
402	0.199166	-1
403	0.221072	-1
404	0.11385	-1
405	0.135589	-1
406	0.326421	-1
407	0.396154	-1
408	0.212098	-1
409	0.143691	-1
410	0.182011	-1
411	0.264303	-1
412	0.171916	-1
413	0.475908	-1
414	0.27237	-1
415	0.117218	-1
416	0.191678	-1
417	0.213923	-1
418	0.113784	-1
419	0.0974571	-1
420	0.130846	-1
421	0.161317	-1
422	0.233826	-1
423	0.136128	-1
424	0.238547	-1
425	0.156087	-1
426	0.224395	-1
427	0.105769	-1
428	0.0725291	-1
429	0.211221	-1
430	0.05351	-1
431	0.139983	-1
432	0.190523	-1
433	0.106093	-1
434	0.04545	-1
435	0.264222	-1
436	0.102524	-1
437	0.180559	-1
438	0.0842093	-1
439	0.165974	-1
440	0.3873	-1
441	0.0671457	-1
442	0.053433	-1
443	0.0875478	-1
444	0.212507	-1
445	0.0628308	-1
446	0.155058	-1
447	0.351463	-1
448	0.228909	-1
449	0.0576702	-1
450	0.0635471	-1
451	0.25658	-1
452	0.103015	-1
453	0.150692	-1
454	0.117963	-1
455	0.125229	-1
456	0.157563	-1
457	0.157486	-1
458	0.433814	-1
459	0.0966621	-1
460	0.18657	-1
461	0.173578	-1
462	0.210388	-1
463	0.177898	-1
464	0.163565	-1
465	0.0884521	-1
466	0.168801	-1
467	0.244825	-1
468	0.0765356	-1
469	0.0742933	-1
470	0.268024	-1
471	0.112566	-1
472	0.127425	-1
473	0.162783	-1
474	0.142926	-1
475	0.222947	-1
476	0.293759	-1
477	0.0396791	-1
478	0.293062	-1
479	0.135268	-1
480	0.0668425	-1
481	0.326585	-1
482	0.133309	-1
483	0.132893	-1
484	0.184527	-1
485	0.127725	-1
486	0.134145	-1
487	0.110962	-1
488	0.31562	-1
489	0.457658	-1
490	0.266876	-1
491	0.140029	-1
492	0.0851358	-1
493	0.258887	-1
494	0.206689	-1
495	0.160397	-1
496	0.116791	-1
497	0.218357	-1
498	0.259199	-1
499	0.130994	-1
500	0.109121	0.151863
501	0.0977456	-1
502	0.104134	-1
503	0.243462	-1
504	0.0739189	-1
505	0.191671	-1
506	0.234698	-1
507	0.256349	-1
508	0.0937705	-1
509	0.0721275	-1
510	0.122938	-1
511	0.128935	-1
512	0.106617	-1
513	0.0406159	-1
514	0.0897495	-1
515	0.0832588	-1
516	0.0551858	-1
517	0.124828	-1
518	0.0989856	-1
519	0.145794	-1
520	0.370509	-1
521	0.281308	-1
522	0.255607	-1
523	0.243927	-1
524	0.0888939	-1
525	0.0687781	-1
526	0.0594368	-1
527	0.17355	-1
528	0.23115	-1
529	0.136784	-1
530	0.351092	-1
531	0.295394	-1
532	0.135657	-1
533	0.155726	-1
534	0.270888	-1
535	0.13762	-1
536	0.160311	-1
537	0.0364187	-1
538	0.1607	-1
539	0.0728769	-1
540	0.175668	-1
541	0.0801244	-1
542	0.19383	-1
543	0.357641	-1
544	0.256045	-1
545	0.231674	-1
546	0.117531	-1
547	0.115614	-1
548	0.209978	-1
549	0.115877	-1
550	0.200681	-1
551	0.107865	-1
552	0.1769	-1
553	0.0960001	-1
554	0.161608	-1
555	0.131398	-1
556	0.0720623	-1
557	0.0921986	-1
558	0.151847	-1
559	0.11783	-1
560	0.0524497	-1
561	0.0538877	-1
562	0.158664	-1
563	0.122943	-1
564	0.277206	-1
565	0.0987866	-1
566	0.0867785	-1
567	0.124431	-1
568	0.23418	-1
569	0.0763942	-1
570	0.141337	-1
571	0.21116	-1
572	0.0977052	-1
573	0.0334685	-1
574	0.071374	-1
575	0.194727	-1
576	0.218317	-1
577	0.166685	-1
578	0.26168	-1
579	0.166986	-1
580	0.0681884	-1
581	0.0717088	-1
582	0.177763	-1
583	0.0715074	-1
584	0.0969648	-1
585	0.370777	-1
586	0.299757	-1
587	0.270064	-1
588	0.137564	-1
589	0.0985131	-1
590	0.276703	-1
591	0.299901	-1
592	0.141624	-1
593	0.111229	-1
594	0.128804	-1
595	0.251839	-1
596	0.0707111	-1
597	0.0756826	-1
598	0.186573	-1
599	0.186219	-1
600	0.166761	0.119833
601	-1	-1
602	-1	-1
603	-1	-1
604	-1	-1
605	-1	-1
606	-1	-1
607	-1	-1
608	-1	-1
609	-1	-1
610	-1	-1
611	-1	-1
612	-1	-1
613	-1	-1
614	-1	-1
615	-1	-1
616	-1	-1
617	-1	-1
618	-1	-1
619	-1	-1
620	-1	-1
621	-1	-1
622	-1	-1
623	-1	-1
624	-1	-1
625	-1	-1
626	-1	-1
627	-1	-1
628	-1	-1
629	-1	-1
630	-1	-1
631	-1	-1
632	-1	-1
633	-1	-1
634	-1	-1
635	-1	-1
636	-1	-1
637	-1	-1
638	-1	-1
639	-1	-1
640	-1	-1
641	-1	-1
642	-1	-1
643	-1	-1
644	-1	-1
645	-1	-1
646	-1	-1
647	-1	-1
648	-1	-1
649	-1	-1
650	-1	-1
651	-1	-1
652	-1	-1
653	-1	-1
654	-1	-1
655	-1	-1
656	-1	-1
657	-1	-1
658	-1	-1
659	-1	-1
660	-1	-1
661	-1	-1
662	-1	-1
663	-1	-1
664	-1	-1
665	-1	-1
666	-1	-1
667	-1	-1
668	-1	-1
669	-1	-1
670	-1	-1
671	-1	-1
672	-1	-1
673	-1	-1
674	-1	-1
675	-1	-1
676	-1	-1
677	-1	-1
678	-1	-1
679	-1	-1
680	-1	-1
681	-1	-1
682	-1	-1
683	-1	-1
684	-1	-1
685	-1	-1
686	-1	-1
687	-1	-1
688	-1	-1
689	-1	-1
690	-1	-1
691	-1	-1
692	-1	-1
693	-1	-1
694	-1	-1
695	-1	-1
696	-1	-1
697	-1	-1
698	-1	-1
699	-1	-1
700	-1	-1
701	-1	-1
702	-1	-1
703	-1	-1
704	-1	-1
705	-1	-1
706	-1	-1
707	-1	-1
708	-1	-1
709	-1	-1
710	-1	-1
711	-1	-1
712	-1	-1
713	-1	-1
714	-1	-1
715	-1	-1
716	-1	-1
717	-1	-1
718	-1	-1
719	-1	-1
720	-1	-1
721	-1	-1
722	-1	-1
723	-1	-1
724	-1	-1
725	-1	-1
726	-1	-1
727	-1	-1
728	-1	-1
729	-1	-1
730	-1	-1
731	-1	-1
732	-1	-1
733	-1	-1
734	-1	-1
735	-1	-1
736	-1	-1
737	-1	-1
738	-1	-1
739	-1	-1
740	-1	-1
741	-1	-1
742	-1	-1
743	-1	-1
744	-1	-1
745	-1	-1
746	-1	-1
747	-1	-1
748	-1	-1
749	-1	-1
750	-1	-1
751	-1	-1
752	-1	-1
753	-1	-1
754	-1	-1
755	-1	-1
756	-1	-1
757	-1	-1
758	-1	-1
759	-1	-1
760	-1	-1
761	-1	-1
762	-1	-1
763	-1	-1
764	-1	-1
765	-1	-1
766	-1	-1
767	-1	-1
768	-1	-1
769	-1	-1
770	-1	-1
771	-1	-1
772	-1	-1
773	-1	-1
774	-1	-1
775	-1	-1
776	-1	-1
777	-1	-1
778	-1	-1
779	-1	-1
780	-1	-1
781	-1	-1
782	-1	-1
783	-1	-1
784	-1	-1
785	-1	-1
786	-1	-1
787	-1	-1
788	-1	-1
789	-1	-1
790	-1	-1
791	-1	-1
792	-1	-1
793	-1	-1
794	-1	-1
795	-1	-1
796	-1	-1
797	-1	-1
798	-1	-1
799	-1	-1
800	-1	-1
801	-1	-1
802	-1	-1
803	-1	-1
804	-1	-1
805	-1	-1
806	-1	-1
807	-1	-1
808	-1	-1
809	-1	-1
810	-1	-1
811	-1	-1
812	-1	-1
813	-1	-1
814	-1	-1
815	-1	-1
816	-1	-1
817	-1	-1
818	-1	-1
819	-1	-1
820	-1	-1
821	-1	-1
822	-1	-1
823	-1	-1
824	-1	-1
825	-1	-1
826	-1	-1
827	-1	-1
828	-1	-1
829	-1	-1
830	-1	-1
831	-1	-1
832	-1	-1
833	-1	-1
834	-1	-1
835	-1	-1
836	-1	-1
837	-1	-1
838	-1	-1
839	-1	-1
840	-1	-1
841	-1	-1
842	-1	-1
843	-1	-1
844	-1	-1
845	-1	-1
846	-1	-1
847	-1	-1
848	-1	-1
849	-1	-1
850	-1	-1
851	-1	-1
852	-1	-1
853	-1	-1
854	-1	-1
855	-1	-1
856	-1	-1
857	-1	-1
858	-1	-1
859	-1	-1
860	-1	-1
861	-1	-1
862	-1	-1
863	-1	-1
864	-1	-1
865	-1	-1
866	-1	-1
867	-1	-1
868	-1	-1
869	-1	-1
870	-1	-1
871	-1	-1
872	-1	-1
873	-1	-1
874	-1	-1
875	-1	-1
876	-1	-1
877	-1	-1
878	-1	-1
879	-1	-1
880	-1	-1
881	-1	-1
882	-1	-1
883	-1	-1
884	-1	-1
885	-1	-1
886	-1	-1
887	-1	-1
888	-1	-1
889	-1	-1
890	-1	-1
891	-1	-1
892	-1	-1
893	-1	-1
894	-1	-1
895	-1	-1
896	-1	-1
897	-1	-1
898	-1	-1
899	-1	-1
900	-1	-1
901	-1	-1
902	-1	-1
903	-1	-1
904	-1	-1
905	-1	-1
906	-1	-1
907	-1	-1
908	-1	-1
909	-1	-1
910	-1	-1
911	-1	-1
912	-1	-1
913	-1	-1
914	-1	-1
915	-1	-1
916	-1	-1
917	-1	-1
918	-1	-1
919	-1	-1
920	-1	-1
921	-1	-1
922	-1	-1
923	-1	-1
924	-1	-1
925	-1	-1
926	-1	-1
927	-1	-1
928	-1	-1
929	-1	-1
930	-1	-1
931	-1	-1
932	-1	-1
933	-1	-1
934	-1	-1
935	-1	-1
936	-1	-1
937	-1	-1
938	-1	-1
939	-1	-1
940	-1	-1
941	-1	-1
942	-1	-1
943	-1	-1
944	-1	-1
945	-1	-1
946	-1	-1
947	-1	-1
948	-1	-1
949	-1	-1
950	-1	-1
951	-1	-1
952	-1	-1
953	-1	-1
954	-1	-1
955	-1	-1
956	-1	-1
957	-1	-1
958	-1	-1
959	-1	-1
960	-1	-1
961	-1	-1
962	-1	-1
963	-1	-1
964	-1	-1
965	-1	-1
966	-1	-1
967	-1	-1
968	-1	-1
969	-1	-1
970	-1	-1
971	-1	-1
972	-1	-1
973	-1	-1
974	-1	-1
975	-1	-1
976	-1	-1
977	-1	-1
978	-1	-1
979	-1	-1
980	-1	-1
981	-1	-1
982	-1	-1
983	-1	-1
984	-1	-1
985	-1	-1
986	-1	-1
987	-1	-1
988	-1	-1
989	-1	-1
990	-1	-1
991	-1	-1
992	-1	-1
993	-1	-1
994	-1	-1
995	-1	-1
996	-1	-1
997	-1	-1
998	-1	-1
999	-1	-1
1000	-1	-1
