1	2.42077	-1
2	2.36539	-1
3	2.36433	-1
4	2.3155	-1
5	2.34856	-1
6	2.33929	-1
7	2.3342	-1
8	2.32065	-1
9	2.30509	-1
10	2.26741	-1
11	2.30884	-1
12	2.23898	-1
13	2.31218	-1
14	2.28139	-1
15	2.27733	-1
16	2.24214	-1
17	2.25683	-1
18	2.25088	-1
19	2.2728	-1
20	2.28005	-1
21	2.2241	-1
22	2.23689	-1
23	2.25545	-1
24	2.20942	-1
25	2.27052	-1
26	2.27321	-1
27	2.24657	-1
28	2.21824	-1
29	2.22257	-1
30	2.23438	-1
31	2.24435	-1
32	2.23146	-1
33	2.20377	-1
34	2.20221	-1
35	2.20557	-1
36	2.20359	-1
37	2.18806	-1
38	2.21145	-1
39	2.16763	-1
40	2.16275	-1
41	2.18088	-1
42	2.1611	-1
43	2.15384	-1
44	2.11606	-1
45	2.12733	-1
46	2.08741	-1
47	2.11342	-1
48	2.17602	-1
49	2.13203	-1
50	2.07963	-1
51	2.04838	-1
52	2.10959	-1
53	2.11119	-1
54	2.09336	-1
55	2.00575	-1
56	1.97965	-1
57	2.00387	-1
58	2.02152	-1
59	1.98479	-1
60	2.02908	-1
61	1.9801	-1
62	1.94546	-1
63	1.94311	-1
64	1.84304	-1
65	1.96358	-1
66	1.91785	-1
67	1.81824	-1
68	1.81685	-1
69	1.80929	-1
70	1.81693	-1
71	1.82997	-1
72	1.75076	-1
73	1.75886	-1
74	1.65362	-1
75	1.56511	-1
76	1.63939	-1
77	1.54816	-1
78	1.56468	-1
79	1.51179	-1
80	1.53401	-1
81	1.53667	-1
82	1.53051	-1
83	1.47575	-1
84	1.32123	-1
85	1.50243	-1
86	1.36976	-1
87	1.29133	-1
88	1.41716	-1
89	1.31298	-1
90	1.17032	-1
91	1.32786	-1
92	1.22708	-1
93	1.19828	-1
94	1.18204	-1
95	1.30287	-1
96	0.956099	-1
97	1.00372	-1
98	1.03972	-1
99	0.986543	-1
100	1.17719	1.02056
101	1.25802	-1
102	1.24862	-1
103	1.23221	-1
104	0.912838	-1
105	1.02052	-1
106	0.905865	-1
107	0.867549	-1
108	0.922826	-1
109	1.04067	-1
110	0.766009	-1
111	0.934405	-1
112	0.963057	-1
113	0.915001	-1
114	0.763156	-1
115	0.749695	-1
116	0.860487	-1
117	0.721005	-1
118	0.848571	-1
119	0.812511	-1
120	0.970811	-1
121	0.85411	-1
122	0.755371	-1
123	0.796863	-1
124	0.79699	-1
125	0.884152	-1
126	0.9581	-1
127	0.869348	-1
128	0.959059	-1
129	0.517496	-1
130	0.789353	-1
131	0.814626	-1
132	0.607476	-1
133	0.513365	-1
134	0.611347	-1
135	0.811984	-1
136	0.635767	-1
137	0.500546	-1
138	0.665781	-1
139	0.555194	-1
140	0.551377	-1
141	0.692537	-1
142	0.568247	-1
143	0.702387	-1
144	0.436921	-1
145	0.740406	-1
146	0.479966	-1
147	0.426423	-1
148	0.595644	-1
149	0.587035	-1
150	0.501438	-1
151	0.482558	-1
152	0.447112	-1
153	0.668937	-1
154	0.504418	-1
155	0.582358	-1
156	0.572669	-1
157	0.700867	-1
158	0.701168	-1
159	0.690219	-1
160	0.409084	-1
161	0.626809	-1
162	0.521562	-1
163	0.580542	-1
164	0.555488	-1
165	0.473898	-1
166	0.434885	-1
167	0.386573	-1
168	0.69654	-1
169	0.797232	-1
170	0.532437	-1
171	0.558035	-1
172	0.464105	-1
173	0.662111	-1
174	0.513494	-1
175	0.665622	-1
176	0.424135	-1
177	0.500941	-1
178	0.425173	-1
179	0.445378	-1
180	0.695086	-1
181	0.689768	-1
182	0.834967	-1
183	0.618533	-1
184	0.472263	-1
185	0.497282	-1
186	0.490585	-1
187	0.388254	-1
188	0.572072	-1
189	0.440802	-1
190	0.447901	-1
191	0.548036	-1
192	0.494103	-1
193	0.504724	-1
194	0.469714	-1
195	0.57845	-1
196	0.613826	-1
197	0.459671	-1
198	0.446801	-1
199	0.323969	-1
200	0.353379	0.433873
201	0.340288	-1
202	0.43328	-1
203	0.242289	-1
204	0.530997	-1
205	0.574937	-1
206	0.636661	-1
207	0.563491	-1
208	0.372992	-1
209	0.315283	-1
210	0.339852	-1
211	0.485881	-1
212	0.348504	-1
213	0.494889	-1
214	0.347779	-1
215	0.411296	-1
216	0.319693	-1
217	0.313317	-1
218	0.27561	-1
219	0.362948	-1
220	0.660995	-1
221	0.273199	-1
222	0.430469	-1
223	0.345045	-1
224	0.42511	-1
225	0.403309	-1
226	0.654678	-1
227	0.474425	-1
228	0.68149	-1
229	0.480633	-1
230	0.440704	-1
231	0.522848	-1
232	0.416613	-1
233	0.441104	-1
234	0.305499	-1
235	0.283236	-1
236	0.395351	-1
237	0.496174	-1
238	0.597285	-1
239	0.743408	-1
240	0.62465	-1
241	0.529907	-1
242	0.477194	-1
243	0.419631	-1
244	0.535712	-1
245	0.494575	-1
246	0.322362	-1
247	0.202933	-1
248	0.256454	-1
249	0.284185	-1
250	0.360009	-1
251	0.272552	-1
252	0.318653	-1
253	0.446832	-1
254	0.257516	-1
255	0.346183	-1
256	0.395852	-1
257	0.260361	-1
258	0.192633	-1
259	0.367739	-1
260	0.323385	-1
261	0.32617	-1
262	0.262986	-1
263	0.364696	-1
264	0.421523	-1
265	0.439736	-1
266	0.465295	-1
267	0.202208	-1
268	0.493524	-1
269	0.304507	-1
270	0.326075	-1
271	0.321245	-1
272	0.375777	-1
273	0.426184	-1
274	0.340036	-1
275	0.402979	-1
276	0.440429	-1
277	0.609631	-1
278	0.311212	-1
279	0.156593	-1
280	0.331201	-1
281	0.382823	-1
282	0.463992	-1
283	0.3098	-1
284	0.249126	-1
285	0.524496	-1
286	0.380134	-1
287	0.280119	-1
288	0.353112	-1
289	0.365629	-1
290	0.400203	-1
291	0.433909	-1
292	0.388939	-1
293	0.202965	-1
294	0.211288	-1
295	0.367684	-1
296	0.278872	-1
297	0.589394	-1
298	0.251313	-1
299	0.202793	-1
300	0.22107	0.315604
301	0.416063	-1
302	0.159574	-1
303	0.342588	-1
304	0.254153	-1
305	0.357177	-1
306	0.332554	-1
307	0.262851	-1
308	0.321221	-1
309	0.191681	-1
310	0.344385	-1
311	0.265877	-1
312	0.399674	-1
313	0.164061	-1
314	0.327686	-1
315	0.296597	-1
316	0.484294	-1
317	0.386416	-1
318	0.296234	-1
319	0.296623	-1
320	0.238948	-1
321	0.411373	-1
322	0.673717	-1
323	0.343233	-1
324	0.278621	-1
325	0.138167	-1
326	0.230614	-1
327	0.399201	-1
328	0.625868	-1
329	0.242383	-1
330	0.238168	-1
331	0.298764	-1
332	0.28918	-1
333	0.300492	-1
334	0.367498	-1
335	0.220283	-1
336	0.343394	-1
337	0.226106	-1
338	0.389313	-1
339	0.459235	-1
340	0.484748	-1
341	0.226516	-1
342	0.555515	-1
343	0.154127	-1
344	0.282065	-1
345	0.472281	-1
346	0.413285	-1
347	0.22125	-1
348	0.282432	-1
349	0.181854	-1
350	0.463621	-1
351	0.31348	-1
352	0.548859	-1
353	0.332567	-1
354	0.481413	-1
355	0.325596	-1
356	0.291821	-1
357	0.362923	-1
358	0.227632	-1
359	0.446355	-1
360	0.462276	-1
361	0.233978	-1
362	0.485123	-1
363	0.308334	-1
364	0.226992	-1
365	0.469306	-1
366	0.335761	-1
367	0.1481	-1
368	0.338658	-1
369	0.339614	-1
370	0.182168	-1
371	0.288982	-1
372	0.445249	-1
373	0.545106	-1
374	0.51517	-1
375	0.563587	-1
376	0.209128	-1
377	0.222611	-1
378	0.405574	-1
379	0.349636	-1
380	0.267368	-1
381	0.310863	-1
382	0.380641	-1
383	0.314211	-1
384	0.223711	-1
385	0.261723	-1
386	0.283914	-1
387	0.529723	-1
388	0.221569	-1
389	0.24694	-1
390	0.476537	-1
391	0.396146	-1
392	0.251551	-1
393	0.239213	-1
394	0.152124	-1
395	0.383874	-1
396	0.275564	-1
397	0.397241	-1
398	0.19464	-1
399	0.33977	-1
400	0.335018	0.284531
401	0.176611	-1
402	0.379161	-1
403	0.576568	-1
404	0.305478	-1
405	0.296016	-1
406	0.13528	-1
407	0.369114	-1
408	0.238793	-1
409	0.276627	-1
410	0.500014	-1
411	0.190405	-1
412	0.380047	-1
413	0.476698	-1
414	0.440852	-1
415	0.399813	-1
416	0.296223	-1
417	0.36411	-1
418	0.125154	-1
419	0.226863	-1
420	0.233665	-1
421	0.586825	-1
422	0.508478	-1
423	0.25875	-1
424	0.40878	-1
425	0.262301	-1
426	0.389595	-1
427	0.263953	-1
428	0.186334	-1
429	0.560936	-1
430	0.204782	-1
431	0.190722	-1
432	0.388222	-1
433	0.352629	-1
434	0.11133	-1
435	0.220546	-1
436	0.115294	-1
437	0.452707	-1
438	0.251753	-1
439	0.135242	-1
440	0.32822	-1
441	0.165806	-1
442	0.451637	-1
443	0.186155	-1
444	0.255537	-1
445	0.312566	-1
446	0.182441	-1
447	0.499293	-1
448	0.161129	-1
449	0.154242	-1
450	0.310702	-1
451	0.289009	-1
452	0.153058	-1
453	0.203547	-1
454	0.224132	-1
455	0.116216	-1
456	0.217986	-1
457	0.402646	-1
458	0.0859506	-1
459	0.129997	-1
460	0.260952	-1
461	0.310559	-1
462	0.461051	-1
463	0.420204	-1
464	0.425652	-1
465	0.15973	-1
466	0.228587	-1
467	0.286666	-1
468	0.267797	-1
469	0.097693	-1
470	0.17313	-1
471	0.187383	-1
472	0.274681	-1
473	0.343107	-1
474	0.208005	-1
475	0.270066	-1
476	0.231151	-1
477	0.438539	-1
478	0.260547	-1
479	0.255252	-1
480	0.242589	-1
481	0.105137	-1
482	0.295655	-1
483	0.211194	-1
484	0.114889	-1
485	0.192569	-1
486	0.15007	-1
487	0.334613	-1
488	0.2472	-1
489	0.277035	-1
490	0.28089	-1
491	0.174502	-1
492	0.304743	-1
493	0.453842	-1
494	0.1754	-1
495	0.299586	-1
496	0.237325	-1
497	0.231872	-1
498	0.557095	-1
499	0.310823	-1
500	0.22994	0.242312
501	0.339559	-1
502	0.450971	-1
503	0.251189	-1
504	0.241117	-1
505	0.216717	-1
506	0.255305	-1
507	0.378079	-1
508	0.192243	-1
509	0.491776	-1
510	0.246938	-1
511	0.28151	-1
512	0.419558	-1
513	0.114174	-1
514	0.348385	-1
515	0.140724	-1
516	0.243486	-1
517	0.270789	-1
518	0.421842	-1
519	0.197859	-1
520	0.499282	-1
521	0.237653	-1
522	0.34298	-1
523	0.245057	-1
524	0.351298	-1
525	0.390898	-1
526	0.197587	-1
527	0.269021	-1
528	0.101728	-1
529	0.403024	-1
530	0.284706	-1
531	0.293946	-1
532	0.278805	-1
533	0.222816	-1
534	0.339793	-1
535	0.225526	-1
536	0.188635	-1
537	0.331329	-1
538	0.172668	-1
539	0.260982	-1
540	0.273583	-1
541	0.45454	-1
542	0.26608	-1
543	0.412314	-1
544	0.199475	-1
545	0.14705	-1
546	0.316484	-1
547	0.349712	-1
548	0.356251	-1
549	0.230786	-1
550	0.294006	-1
551	0.220142	-1
552	0.193352	-1
553	0.317292	-1
554	0.264014	-1
555	0.21581	-1
556	0.185646	-1
557	0.199752	-1
558	0.568828	-1
559	0.487939	-1
560	0.1193	-1
561	0.194345	-1
562	0.422143	-1
563	0.455189	-1
564	0.522624	-1
565	0.184863	-1
566	0.298852	-1
567	0.221212	-1
568	0.321363	-1
569	0.42837	-1
570	0.288636	-1
571	0.246748	-1
572	0.186563	-1
573	0.519878	-1
574	0.14109	-1
575	0.410208	-1
576	0.169553	-1
577	0.136477	-1
578	0.331713	-1
579	0.195027	-1
580	0.220019	-1
581	0.199523	-1
582	0.197175	-1
583	0.273467	-1
584	0.427895	-1
585	0.154716	-1
586	0.145683	-1
587	0.498999	-1
588	0.312962	-1
589	0.405009	-1
590	0.195201	-1
591	0.293458	-1
592	0.466216	-1
593	0.323785	-1
594	0.315307	-1
595	0.47703	-1
596	0.203965	-1
597	0.241027	-1
598	0.177445	-1
599	0.389184	-1
600	0.351743	0.222528
601	0.247557	-1
602	0.159872	-1
603	0.404233	-1
604	0.167184	-1
605	0.299291	-1
606	0.218546	-1
607	0.149228	-1
608	0.176177	-1
609	0.304859	-1
610	0.189313	-1
611	0.314893	-1
612	0.146614	-1
613	0.408968	-1
614	0.26099	-1
615	0.200237	-1
616	0.224844	-1
617	0.205671	-1
618	0.200655	-1
619	0.276098	-1
620	0.339912	-1
621	0.222173	-1
622	0.203694	-1
623	0.127633	-1
624	0.139977	-1
625	0.20024	-1
626	0.378265	-1
627	0.149617	-1
628	0.178628	-1
629	0.192257	-1
630	0.226092	-1
631	0.199645	-1
632	0.19476	-1
633	0.180627	-1
634	0.166022	-1
635	0.304718	-1
636	0.0771612	-1
637	0.135315	-1
638	0.292739	-1
639	0.157538	-1
640	0.142431	-1
641	0.2087	-1
642	0.399506	-1
643	0.230044	-1
644	0.210156	-1
645	0.335522	-1
646	0.15881	-1
647	0.13844	-1
648	0.256237	-1
649	0.185993	-1
650	0.248905	-1
651	0.287724	-1
652	0.174099	-1
653	0.376071	-1
654	0.285844	-1
655	0.214519	-1
656	0.195303	-1
657	0.192701	-1
658	0.114263	-1
659	0.172983	-1
660	0.234845	-1
661	0.442506	-1
662	0.175329	-1
663	0.372469	-1
664	0.215726	-1
665	0.248833	-1
666	0.147973	-1
667	0.159588	-1
668	0.217559	-1
669	0.201848	-1
670	0.245012	-1
671	0.25856	-1
672	0.138141	-1
673	0.222328	-1
674	0.164413	-1
675	0.179033	-1
676	0.415871	-1
677	0.138721	-1
678	0.296616	-1
679	0.466125	-1
680	0.487974	-1
681	0.28892	-1
682	0.388467	-1
683	0.192575	-1
684	0.215006	-1
685	0.326267	-1
686	0.331787	-1
687	0.474614	-1
688	0.263886	-1
689	0.21095	-1
690	0.295353	-1
691	0.294292	-1
692	0.331626	-1
693	0.201994	-1
694	0.112005	-1
695	0.172556	-1
696	0.337457	-1
697	0.123162	-1
698	0.150739	-1
699	0.255735	-1
700	0.263235	0.21055
701	0.166255	-1
702	0.157444	-1
703	0.253908	-1
704	0.12269	-1
705	0.137446	-1
706	0.197979	-1
707	0.188948	-1
708	0.153329	-1
709	0.109696	-1
710	0.259537	-1
711	0.163834	-1
712	0.473125	-1
713	0.181289	-1
714	0.212329	-1
715	0.356275	-1
716	0.145048	-1
717	0.183573	-1
718	0.107374	-1
719	0.181859	-1
720	0.180904	-1
721	0.101225	-1
722	0.36061	-1
723	0.0532738	-1
724	0.182261	-1
725	0.0918186	-1
726	0.134279	-1
727	0.165431	-1
728	0.183027	-1
729	0.414772	-1
730	0.229654	-1
731	0.149748	-1
732	0.207638	-1
733	0.320588	-1
734	0.143788	-1
735	0.186357	-1
736	0.303863	-1
737	0.236341	-1
738	0.404666	-1
739	0.200595	-1
740	0.22583	-1
741	0.221285	-1
742	0.0849839	-1
743	0.265459	-1
744	0.370388	-1
745	0.143104	-1
746	0.199907	-1
747	0.26154	-1
748	0.206709	-1
749	0.225567	-1
750	0.12558	-1
751	0.168272	-1
752	0.268321	-1
753	0.153261	-1
754	0.148763	-1
755	0.242324	-1
756	0.242726	-1
757	0.253105	-1
758	0.114858	-1
759	0.228287	-1
760	0.188293	-1
761	0.472923	-1
762	0.241791	-1
763	0.385821	-1
764	0.167535	-1
765	0.417363	-1
766	0.242738	-1
767	0.270454	-1
768	0.142635	-1
769	0.307644	-1
770	0.279509	-1
771	0.165308	-1
772	0.253348	-1
773	0.229964	-1
774	0.139199	-1
775	0.169674	-1
776	0.203415	-1
777	0.29986	-1
778	0.196083	-1
779	0.278768	-1
780	0.345806	-1
781	0.158856	-1
782	0.148795	-1
783	0.0666094	-1
784	0.176816	-1
785	0.144329	-1
786	0.220777	-1
787	0.332955	-1
788	0.227587	-1
789	0.156837	-1
790	0.185727	-1
791	0.183183	-1
792	0.269364	-1
793	0.185759	-1
794	0.154036	-1
795	0.205059	-1
796	0.0905652	-1
797	0.105203	-1
798	0.155299	-1
799	0.119194	-1
800	0.116017	0.194968
801	0.280669	-1
802	0.158864	-1
803	0.378227	-1
804	0.177286	-1
805	0.391314	-1
806	0.188899	-1
807	0.275268	-1
808	0.102173	-1
809	0.148351	-1
810	0.218707	-1
811	0.263507	-1
812	0.106798	-1
813	0.161756	-1
814	0.135723	-1
815	0.124758	-1
816	0.0734422	-1
817	0.222225	-1
818	0.205482	-1
819	0.272548	-1
820	0.116832	-1
821	0.200719	-1
822	0.201728	-1
823	0.133993	-1
824	0.179663	-1
825	0.115618	-1
826	0.319208	-1
827	0.178571	-1
828	0.228547	-1
829	0.34301	-1
830	0.185272	-1
831	0.0997493	-1
832	0.165425	-1
833	0.126795	-1
834	0.344852	-1
835	0.146089	-1
836	0.209744	-1
837	0.195074	-1
838	0.275129	-1
839	0.398778	-1
840	0.254803	-1
841	0.102551	-1
842	0.102048	-1
843	0.0563923	-1
844	0.0682123	-1
845	0.184545	-1
846	0.118324	-1
847	0.106854	-1
848	0.116524	-1
849	0.504822	-1
850	0.122404	-1
851	0.117305	-1
852	0.179271	-1
853	0.131906	-1
854	0.175008	-1
855	0.146044	-1
856	0.226853	-1
857	0.223945	-1
858	0.180334	-1
859	0.244773	-1
860	0.150883	-1
861	0.248802	-1
862	0.192436	-1
863	0.220712	-1
864	0.166039	-1
865	0.196059	-1
866	0.21915	-1
867	0.140485	-1
868	0.0639811	-1
869	0.41541	-1
870	0.251607	-1
871	0.192798	-1
872	0.130627	-1
873	0.109942	-1
874	0.254498	-1
875	0.0999869	-1
876	0.211549	-1
877	0.212171	-1
878	0.302674	-1
879	0.098576	-1
880	0.0554372	-1
881	0.254481	-1
882	0.237302	-1
883	0.076559	-1
884	0.247676	-1
885	0.0982959	-1
886	0.215121	-1
887	0.139729	-1
888	0.247763	-1
889	0.291269	-1
890	0.11767	-1
891	0.161603	-1
892	0.0881754	-1
893	0.0795074	-1
894	0.0673604	-1
895	0.163254	-1
896	0.248508	-1
897	0.121733	-1
898	0.185502	-1
899	0.133984	-1
900	0.0589659	0.179523
901	0.230241	-1
902	0.288361	-1
903	0.201471	-1
904	0.394062	-1
905	0.142824	-1
906	0.118071	-1
907	0.148469	-1
908	0.186094	-1
909	0.322392	-1
910	0.203278	-1
911	0.128882	-1
912	0.39193	-1
913	0.180668	-1
914	0.15651	-1
915	0.207783	-1
916	0.350264	-1
917	0.263506	-1
918	0.164103	-1
919	0.119301	-1
920	0.0471054	-1
921	0.22965	-1
922	0.265272	-1
923	0.276258	-1
924	0.230933	-1
925	0.103206	-1
926	0.175284	-1
927	0.110492	-1
928	0.131098	-1
929	0.162736	-1
930	0.23761	-1
931	0.0421653	-1
932	0.21861	-1
933	0.158532	-1
934	0.166844	-1
935	0.0718918	-1
936	0.212921	-1
937	0.134202	-1
938	0.114365	-1
939	0.203878	-1
940	0.158826	-1
941	0.142846	-1
942	0.140427	-1
943	0.17996	-1
944	0.244535	-1
945	0.0686138	-1
946	0.118406	-1
947	0.0886351	-1
948	0.220813	-1
949	0.141912	-1
950	0.197252	-1
951	0.175601	-1
952	0.104276	-1
953	0.0845568	-1
954	0.144806	-1
955	0.121466	-1
956	0.0831346	-1
957	0.201821	-1
958	0.268525	-1
959	0.155976	-1
960	0.110835	-1
961	0.245699	-1
962	0.211569	-1
963	0.223184	-1
964	0.17951	-1
965	0.0930925	-1
966	0.221613	-1
967	0.221791	-1
968	0.153797	-1
969	0.136227	-1
970	0.1707	-1
971	0.0776442	-1
972	0.280802	-1
973	0.111	-1
974	0.167325	-1
975	0.0834073	-1
976	0.155443	-1
977	0.133862	-1
978	0.290368	-1
979	0.11713	-1
980	0.601704	-1
981	0.38667	-1
982	0.140529	-1
983	0.167805	-1
984	0.136893	-1
985	0.186562	-1
986	0.306546	-1
987	0.154949	-1
988	0.234579	-1
989	0.186923	-1
990	0.239258	-1
991	0.12598	-1
992	0.08087	-1
993	0.116859	-1
994	0.25144	-1
995	0.310241	-1
996	0.1322	-1
997	0.148541	-1
998	0.220451	-1
999	0.257775	-1
1000	0.196413	0.162493
