1	2.49977	-1
2	2.30858	-1
3	2.215	-1
4	2.25659	-1
5	2.31125	-1
6	2.20851	-1
7	2.2512	-1
8	2.14301	-1
9	1.96119	-1
10	1.86606	-1
11	1.95053	-1
12	2.47427	-1
13	1.99756	-1
14	1.89042	-1
15	1.66399	-1
16	1.85	-1
17	1.9062	-1
18	1.4215	-1
19	1.07821	-1
20	1.06812	-1
21	1.34529	-1
22	1.20284	-1
23	1.23227	-1
24	1.46524	-1
25	1.40665	-1
26	1.23023	-1
27	1.13922	-1
28	1.07178	-1
29	0.967009	-1
30	0.667741	-1
31	0.466097	-1
32	0.476617	-1
33	0.771973	-1
34	0.979794	-1
35	0.832157	-1
36	0.690638	-1
37	0.626267	-1
38	0.40193	-1
39	0.599778	-1
40	0.649698	-1
41	0.559804	-1
42	0.559791	-1
43	0.950592	-1
44	0.800757	-1
45	1.04301	-1
46	0.707981	-1
47	0.437178	-1
48	0.525972	-1
49	0.523469	-1
50	0.44624	-1
51	0.45969	-1
52	0.356519	-1
53	0.43134	-1
54	0.528699	-1
55	0.517601	-1
56	0.281926	-1
57	0.454196	-1
58	0.479435	-1
59	0.668817	-1
60	0.588119	-1
61	0.535477	-1
62	0.570894	-1
63	0.364891	-1
64	0.310848	-1
65	0.406404	-1
66	0.29184	-1
67	0.257339	-1
68	0.364574	-1
69	0.203445	-1
70	0.357138	-1
71	0.292632	-1
72	0.322824	-1
73	0.44168	-1
74	0.371202	-1
75	0.471101	-1
76	0.34582	-1
77	0.588259	-1
78	0.402296	-1
79	0.523927	-1
80	0.451192	-1
81	0.234466	-1
82	0.241587	-1
83	0.289527	-1
84	0.215523	-1
85	0.313331	-1
86	0.213005	-1
87	0.480454	-1
88	0.461255	-1
89	0.283195	-1
90	0.161279	-1
91	0.271114	-1
92	0.297081	-1
93	0.401398	-1
94	0.277266	-1
95	0.245749	-1
96	0.557971	-1
97	0.498814	-1
98	0.490595	-1
99	0.281179	-1
100	0.191211	0.24799
101	0.171819	-1
102	0.284157	-1
103	0.485249	-1
104	0.221527	-1
105	0.412834	-1
106	0.196602	-1
107	0.208879	-1
108	0.162857	-1
109	0.466359	-1
110	0.312233	-1
111	0.140109	-1
112	0.154275	-1
113	0.22079	-1
114	0.393193	-1
115	0.194338	-1
116	0.225205	-1
117	0.221288	-1
118	0.327968	-1
119	0.365879	-1
120	0.199707	-1
121	0.261964	-1
122	0.136495	-1
123	0.228342	-1
124	0.227839	-1
125	0.153873	-1
126	0.188116	-1
127	0.230364	-1
128	0.218581	-1
129	0.329819	-1
130	0.161159	-1
131	0.370377	-1
132	0.16437	-1
133	0.424793	-1
134	0.386801	-1
135	0.0776442	-1
136	0.151016	-1
137	0.307741	-1
138	0.450104	-1
139	0.143065	-1
140	0.151237	-1
141	0.173884	-1
142	0.0997205	-1
143	0.42579	-1
144	0.411538	-1
145	0.328684	-1
146	0.243048	-1
147	0.0911738	-1
148	0.23731	-1
149	0.510276	-1
150	0.348524	-1
151	0.249544	-1
152	0.099019	-1
153	0.189469	-1
154	0.149676	-1
155	0.131025	-1
156	0.18797	-1
157	0.13416	-1
158	0.181443	-1
159	0.0713943	-1
160	0.164836	-1
161	0.402193	-1
162	0.31513	-1
163	0.385415	-1
164	0.187114	-1
165	0.0974327	-1
166	0.136763	-1
167	0.110335	-1
168	0.0447886	-1
169	0.250588	-1
170	0.205806	-1
171	0.188258	-1
172	0.205682	-1
173	0.290749	-1
174	0.41385	-1
175	0.0897955	-1
176	0.252448	-1
177	0.298437	-1
178	0.176854	-1
179	0.206885	-1
180	0.160789	-1
181	0.121344	-1
182	0.124182	-1
183	0.180605	-1
184	0.169164	-1
185	0.0631895	-1
186	0.297262	-1
187	0.144505	-1
188	0.149578	-1
189	0.140034	-1
190	0.170594	-1
191	0.139391	-1
192	0.189188	-1
193	0.30098	-1
194	0.280055	-1
195	0.194803	-1
196	0.159741	-1
197	0.099544	-1
198	0.152279	-1
199	0.275586	-1
200	0.185085	0.161983
201	0.397324	-1
202	0.236056	-1
203	0.166079	-1
204	0.0805779	-1
205	0.245173	-1
206	0.160553	-1
207	0.0917443	-1
208	0.225116	-1
209	0.207732	-1
210	0.0900435	-1
211	0.201691	-1
212	0.210137	-1
213	0.293684	-1
214	0.163448	-1
215	0.0387128	-1
216	0.18529	-1
217	0.134455	-1
218	0.289125	-1
219	0.162601	-1
220	0.190762	-1
221	0.174038	-1
222	0.0968925	-1
223	0.0995397	-1
224	0.0840101	-1
225	0.291124	-1
226	0.201448	-1
227	0.0889088	-1
228	0.0898305	-1
229	0.138742	-1
230	0.150081	-1
231	0.255731	-1
232	0.158692	-1
233	0.249282	-1
234	0.12563	-1
235	0.140695	-1
236	0.117479	-1
237	0.145028	-1
238	0.125359	-1
239	0.0508237	-1
240	0.135258	-1
241	0.303079	-1
242	0.167668	-1
243	0.354642	-1
244	0.321097	-1
245	0.131651	-1
246	0.36013	-1
247	0.616041	-1
248	0.228564	-1
249	0.06125	-1
250	0.187697	-1
251	0.0996829	-1
252	0.0528156	-1
253	0.376242	-1
254	0.179103	-1
255	0.232724	-1
256	0.119682	-1
257	0.466107	-1
258	0.0635717	-1
259	0.166756	-1
260	0.119995	-1
261	0.114222	-1
262	0.144829	-1
263	0.178737	-1
264	0.112501	-1
265	0.0474893	-1
266	0.0812594	-1
267	0.179107	-1
268	0.127433	-1
269	0.154036	-1
270	0.0716126	-1
271	0.0640055	-1
272	0.195201	-1
273	0.136093	-1
274	0.107059	-1
275	0.0550701	-1
276	0.0552714	-1
277	0.0698594	-1
278	0.10591	-1
279	0.0263324	-1
280	0.116491	-1
281	0.0592995	-1
282	0.0499689	-1
283	0.101916	-1
284	0.366355	-1
285	0.0999186	-1
286	0.314537	-1
287	0.197794	-1
288	0.155235	-1
289	0.275006	-1
290	0.175958	-1
291	0.218647	-1
292	0.223473	-1
293	0.196192	-1
294	0.174702	-1
295	0.0357663	-1
296	0.0803666	-1
297	0.185364	-1
298	0.188062	-1
299	0.131352	-1
300	0.200817	0.12436
301	0.23254	-1
302	0.144396	-1
303	0.0510112	-1
304	0.0543351	-1
305	0.250286	-1
306	0.0564295	-1
307	0.183081	-1
308	0.0510858	-1
309	0.352071	-1
310	0.151769	-1
311	0.0654479	-1
312	0.061125	-1
313	0.088227	-1
314	0.242725	-1
315	0.394603	-1
316	0.145737	-1
317	0.138678	-1
318	0.349465	-1
319	0.19772	-1
320	0.243726	-1
321	0.1801	-1
322	0.148715	-1
323	0.0931023	-1
324	0.0419256	-1
325	0.0545878	-1
326	0.082458	-1
327	0.0654433	-1
328	0.115544	-1
329	0.0248477	-1
330	0.0157825	-1
331	0.0736948	-1
332	0.2125	-1
333	0.148902	-1
334	0.136059	-1
335	0.0207618	-1
336	0.180077	-1
337	0.206693	-1
338	0.117406	-1
339	0.0808015	-1
340	0.0687082	-1
341	0.115007	-1
342	0.178486	-1
343	0.185758	-1
344	0.0533626	-1
345	0.194814	-1
346	0.155156	-1
347	0.166478	-1
348	0.143719	-1
349	0.044637	-1
350	0.0790264	-1
351	0.215553	-1
352	0.117137	-1
353	0.121441	-1
354	0.0626556	-1
355	0.108914	-1
356	0.264319	-1
357	0.271012	-1
358	0.12406	-1
359	0.216268	-1
360	0.0768089	-1
361	0.083452	-1
362	0.254543	-1
363	0.101447	-1
364	0.0529556	-1
365	0.059665	-1
366	0.141464	-1
367	0.182311	-1
368	0.122863	-1
369	0.0636177	-1
370	0.0336379	-1
371	0.0602024	-1
372	0.0814414	-1
373	0.18214	-1
374	0.110883	-1
375	0.0842453	-1
376	0.0789706	-1
377	0.063716	-1
378	0.160403	-1
379	0.248178	-1
380	0.0897217	-1
381	0.0857267	-1
382	0.14023	-1
383	0.176763	-1
384	0.122094	-1
385	0.147594	-1
386	0.0868001	-1
387	0.0628314	-1
388	0.0307019	-1
389	0.0919464	-1
390	0.0308678	-1
391	0.123405	-1
392	0.343111	-1
393	0.140498	-1
394	0.178993	-1
395	0.192419	-1
396	0.0920503	-1
397	0.175321	-1
398	0.279148	-1
399	0.203228	-1
400	0.0423949	0.108215
401	-1	-1
402	-1	-1
403	-1	-1
404	-1	-1
405	-1	-1
406	-1	-1
407	-1	-1
408	-1	-1
409	-1	-1
410	-1	-1
411	-1	-1
412	-1	-1
413	-1	-1
414	-1	-1
415	-1	-1
416	-1	-1
417	-1	-1
418	-1	-1
419	-1	-1
420	-1	-1
421	-1	-1
422	-1	-1
423	-1	-1
424	-1	-1
425	-1	-1
426	-1	-1
427	-1	-1
428	-1	-1
429	-1	-1
430	-1	-1
431	-1	-1
432	-1	-1
433	-1	-1
434	-1	-1
435	-1	-1
436	-1	-1
437	-1	-1
438	-1	-1
439	-1	-1
440	-1	-1
441	-1	-1
442	-1	-1
443	-1	-1
444	-1	-1
445	-1	-1
446	-1	-1
447	-1	-1
448	-1	-1
449	-1	-1
450	-1	-1
451	-1	-1
452	-1	-1
453	-1	-1
454	-1	-1
455	-1	-1
456	-1	-1
457	-1	-1
458	-1	-1
459	-1	-1
460	-1	-1
461	-1	-1
462	-1	-1
463	-1	-1
464	-1	-1
465	-1	-1
466	-1	-1
467	-1	-1
468	-1	-1
469	-1	-1
470	-1	-1
471	-1	-1
472	-1	-1
473	-1	-1
474	-1	-1
475	-1	-1
476	-1	-1
477	-1	-1
478	-1	-1
479	-1	-1
480	-1	-1
481	-1	-1
482	-1	-1
483	-1	-1
484	-1	-1
485	-1	-1
486	-1	-1
487	-1	-1
488	-1	-1
489	-1	-1
490	-1	-1
491	-1	-1
492	-1	-1
493	-1	-1
494	-1	-1
495	-1	-1
496	-1	-1
497	-1	-1
498	-1	-1
499	-1	-1
500	-1	-1
501	-1	-1
502	-1	-1
503	-1	-1
504	-1	-1
505	-1	-1
506	-1	-1
507	-1	-1
508	-1	-1
509	-1	-1
510	-1	-1
511	-1	-1
512	-1	-1
513	-1	-1
514	-1	-1
515	-1	-1
516	-1	-1
517	-1	-1
518	-1	-1
519	-1	-1
520	-1	-1
521	-1	-1
522	-1	-1
523	-1	-1
524	-1	-1
525	-1	-1
526	-1	-1
527	-1	-1
528	-1	-1
529	-1	-1
530	-1	-1
531	-1	-1
532	-1	-1
533	-1	-1
534	-1	-1
535	-1	-1
536	-1	-1
537	-1	-1
538	-1	-1
539	-1	-1
540	-1	-1
541	-1	-1
542	-1	-1
543	-1	-1
544	-1	-1
545	-1	-1
546	-1	-1
547	-1	-1
548	-1	-1
549	-1	-1
550	-1	-1
551	-1	-1
552	-1	-1
553	-1	-1
554	-1	-1
555	-1	-1
556	-1	-1
557	-1	-1
558	-1	-1
559	-1	-1
560	-1	-1
561	-1	-1
562	-1	-1
563	-1	-1
564	-1	-1
565	-1	-1
566	-1	-1
567	-1	-1
568	-1	-1
569	-1	-1
570	-1	-1
571	-1	-1
572	-1	-1
573	-1	-1
574	-1	-1
575	-1	-1
576	-1	-1
577	-1	-1
578	-1	-1
579	-1	-1
580	-1	-1
581	-1	-1
582	-1	-1
583	-1	-1
584	-1	-1
585	-1	-1
586	-1	-1
587	-1	-1
588	-1	-1
589	-1	-1
590	-1	-1
591	-1	-1
592	-1	-1
593	-1	-1
594	-1	-1
595	-1	-1
596	-1	-1
597	-1	-1
598	-1	-1
599	-1	-1
600	-1	-1
601	-1	-1
602	-1	-1
603	-1	-1
604	-1	-1
605	-1	-1
606	-1	-1
607	-1	-1
608	-1	-1
609	-1	-1
610	-1	-1
611	-1	-1
612	-1	-1
613	-1	-1
614	-1	-1
615	-1	-1
616	-1	-1
617	-1	-1
618	-1	-1
619	-1	-1
620	-1	-1
621	-1	-1
622	-1	-1
623	-1	-1
624	-1	-1
625	-1	-1
626	-1	-1
627	-1	-1
628	-1	-1
629	-1	-1
630	-1	-1
631	-1	-1
632	-1	-1
633	-1	-1
634	-1	-1
635	-1	-1
636	-1	-1
637	-1	-1
638	-1	-1
639	-1	-1
640	-1	-1
641	-1	-1
642	-1	-1
643	-1	-1
644	-1	-1
645	-1	-1
646	-1	-1
647	-1	-1
648	-1	-1
649	-1	-1
650	-1	-1
651	-1	-1
652	-1	-1
653	-1	-1
654	-1	-1
655	-1	-1
656	-1	-1
657	-1	-1
658	-1	-1
659	-1	-1
660	-1	-1
661	-1	-1
662	-1	-1
663	-1	-1
664	-1	-1
665	-1	-1
666	-1	-1
667	-1	-1
668	-1	-1
669	-1	-1
670	-1	-1
671	-1	-1
672	-1	-1
673	-1	-1
674	-1	-1
675	-1	-1
676	-1	-1
677	-1	-1
678	-1	-1
679	-1	-1
680	-1	-1
681	-1	-1
682	-1	-1
683	-1	-1
684	-1	-1
685	-1	-1
686	-1	-1
687	-1	-1
688	-1	-1
689	-1	-1
690	-1	-1
691	-1	-1
692	-1	-1
693	-1	-1
694	-1	-1
695	-1	-1
696	-1	-1
697	-1	-1
698	-1	-1
699	-1	-1
700	-1	-1
701	-1	-1
702	-1	-1
703	-1	-1
704	-1	-1
705	-1	-1
706	-1	-1
707	-1	-1
708	-1	-1
709	-1	-1
710	-1	-1
711	-1	-1
712	-1	-1
713	-1	-1
714	-1	-1
715	-1	-1
716	-1	-1
717	-1	-1
718	-1	-1
719	-1	-1
720	-1	-1
721	-1	-1
722	-1	-1
723	-1	-1
724	-1	-1
725	-1	-1
726	-1	-1
727	-1	-1
728	-1	-1
729	-1	-1
730	-1	-1
731	-1	-1
732	-1	-1
733	-1	-1
734	-1	-1
735	-1	-1
736	-1	-1
737	-1	-1
738	-1	-1
739	-1	-1
740	-1	-1
741	-1	-1
742	-1	-1
743	-1	-1
744	-1	-1
745	-1	-1
746	-1	-1
747	-1	-1
748	-1	-1
749	-1	-1
750	-1	-1
751	-1	-1
752	-1	-1
753	-1	-1
754	-1	-1
755	-1	-1
756	-1	-1
757	-1	-1
758	-1	-1
759	-1	-1
760	-1	-1
761	-1	-1
762	-1	-1
763	-1	-1
764	-1	-1
765	-1	-1
766	-1	-1
767	-1	-1
768	-1	-1
769	-1	-1
770	-1	-1
771	-1	-1
772	-1	-1
773	-1	-1
774	-1	-1
775	-1	-1
776	-1	-1
777	-1	-1
778	-1	-1
779	-1	-1
780	-1	-1
781	-1	-1
782	-1	-1
783	-1	-1
784	-1	-1
785	-1	-1
786	-1	-1
787	-1	-1
788	-1	-1
789	-1	-1
790	-1	-1
791	-1	-1
792	-1	-1
793	-1	-1
794	-1	-1
795	-1	-1
796	-1	-1
797	-1	-1
798	-1	-1
799	-1	-1
800	-1	-1
801	-1	-1
802	-1	-1
803	-1	-1
804	-1	-1
805	-1	-1
806	-1	-1
807	-1	-1
808	-1	-1
809	-1	-1
810	-1	-1
811	-1	-1
812	-1	-1
813	-1	-1
814	-1	-1
815	-1	-1
816	-1	-1
817	-1	-1
818	-1	-1
819	-1	-1
820	-1	-1
821	-1	-1
822	-1	-1
823	-1	-1
824	-1	-1
825	-1	-1
826	-1	-1
827	-1	-1
828	-1	-1
829	-1	-1
830	-1	-1
831	-1	-1
832	-1	-1
833	-1	-1
834	-1	-1
835	-1	-1
836	-1	-1
837	-1	-1
838	-1	-1
839	-1	-1
840	-1	-1
841	-1	-1
842	-1	-1
843	-1	-1
844	-1	-1
845	-1	-1
846	-1	-1
847	-1	-1
848	-1	-1
849	-1	-1
850	-1	-1
851	-1	-1
852	-1	-1
853	-1	-1
854	-1	-1
855	-1	-1
856	-1	-1
857	-1	-1
858	-1	-1
859	-1	-1
860	-1	-1
861	-1	-1
862	-1	-1
863	-1	-1
864	-1	-1
865	-1	-1
866	-1	-1
867	-1	-1
868	-1	-1
869	-1	-1
870	-1	-1
871	-1	-1
872	-1	-1
873	-1	-1
874	-1	-1
875	-1	-1
876	-1	-1
877	-1	-1
878	-1	-1
879	-1	-1
880	-1	-1
881	-1	-1
882	-1	-1
883	-1	-1
884	-1	-1
885	-1	-1
886	-1	-1
887	-1	-1
888	-1	-1
889	-1	-1
890	-1	-1
891	-1	-1
892	-1	-1
893	-1	-1
894	-1	-1
895	-1	-1
896	-1	-1
897	-1	-1
898	-1	-1
899	-1	-1
900	-1	-1
901	-1	-1
902	-1	-1
903	-1	-1
904	-1	-1
905	-1	-1
906	-1	-1
907	-1	-1
908	-1	-1
909	-1	-1
910	-1	-1
911	-1	-1
912	-1	-1
913	-1	-1
914	-1	-1
915	-1	-1
916	-1	-1
917	-1	-1
918	-1	-1
919	-1	-1
920	-1	-1
921	-1	-1
922	-1	-1
923	-1	-1
924	-1	-1
925	-1	-1
926	-1	-1
927	-1	-1
928	-1	-1
929	-1	-1
930	-1	-1
931	-1	-1
932	-1	-1
933	-1	-1
934	-1	-1
935	-1	-1
936	-1	-1
937	-1	-1
938	-1	-1
939	-1	-1
940	-1	-1
941	-1	-1
942	-1	-1
943	-1	-1
944	-1	-1
945	-1	-1
946	-1	-1
947	-1	-1
948	-1	-1
949	-1	-1
950	-1	-1
951	-1	-1
952	-1	-1
953	-1	-1
954	-1	-1
955	-1	-1
956	-1	-1
957	-1	-1
958	-1	-1
959	-1	-1
960	-1	-1
961	-1	-1
962	-1	-1
963	-1	-1
964	-1	-1
965	-1	-1
966	-1	-1
967	-1	-1
968	-1	-1
969	-1	-1
970	-1	-1
971	-1	-1
972	-1	-1
973	-1	-1
974	-1	-1
975	-1	-1
976	-1	-1
977	-1	-1
978	-1	-1
979	-1	-1
980	-1	-1
981	-1	-1
982	-1	-1
983	-1	-1
984	-1	-1
985	-1	-1
986	-1	-1
987	-1	-1
988	-1	-1
989	-1	-1
990	-1	-1
991	-1	-1
992	-1	-1
993	-1	-1
994	-1	-1
995	-1	-1
996	-1	-1
997	-1	-1
998	-1	-1
999	-1	-1
1000	-1	-1
