======== Loss Table =======
iter eta0.1Train eta0.1Test
100	0.265317	0.264244
200	0.239336	0.162414
300	0.0801391	0.141495
400	0.132282	0.120709
===========================
iter eta0.2Train eta0.2Test
100	0.225415	0.226564
200	0.121502	0.181206
300	0.33019	    0.176864
400	0.221865	0.121974
500	0.0277242	0.0905769
===========================
iter eta0.02Train eta0.02Test
100	1.17719	    1.02056
200	0.353379	0.433873
300	0.22107	    0.315604
400	0.335018	0.284531
500	0.22994	    0.242312
600	0.351743	0.222528
700	0.263235	0.21055
800	0.116017	0.194968
900	0.0589659	0.179523
1k  0.196413	0.162493
===========================
iter eta0.05Train eta0.05Test
100	0.383202	0.364784
200	0.351023	0.223983
300	0.177476	0.207394
400	0.184088	0.164901
500	0.109121	0.151863
600	0.166761	0.119833
===========================
iter eta0.15Train eta0.15Test
100	0.191211	0.24799
200	0.185085	0.161983
300	0.200817	0.12436
400	0.0423949	0.108215
===========================
iter RINTTrain RINITest
100	0.400697	0.302553
200	0.0759747	0.170981
300	0.275593	0.147921
400	0.0908481	0.112127
===========================
iter wd0.001Train wd0.001Test
100	0.355794	0.273437
200	0.0513099	0.165246
300	0.262649	0.138191
400	0.101667	0.117007
===========================
iter wd0.00025Train wd0.00025Test
100	0.377288	0.347944
200	0.11336	    0.200924
300	0.212935	0.167844
400	0.18885	    0.147905
500	0.122948	0.130605
600	0.277022	0.119891
===========================
iter wd0.00075Train wd0.00075Test
100	0.394867	0.393886
200	0.107959	0.201474
300	0.220764	0.165482
400	0.168081	0.138362
500	0.123772	0.130413
600	0.266048	0.128549
===========================
iter ARCH2Train ARCH2Test
100	0.323156	0.288358
200	0.153435	0.232795
300	0.260498	0.153963
400	0.299083	0.135064
500	0.0557382	0.108774
===========================
iter ARCH3Train ARCH3Test
100	0.280359	0.387741
200	0.189682	0.274409
300	0.261761	0.212497
400	0.115887	0.189226
500	0.128441	0.1478
600	0.165501	0.147535
700	0.124297	0.131081
800	0.224994	0.132909
900	0.0855123	0.130868
1k	0.0261641	0.0969687
===========================
iter ARCH4Train ARCH4Test
100	0.474793	0.382603
200	0.124918	0.180526
300	0.222878	0.14394
400	0.0770074	0.119942
500	0.271952	0.127954
===========================
iter alpha0.7Train alpha0.7Test
100	0.338734	0.179169
200	0.085492	0.156345
300	0.153392	0.111074
===========================
iter alpha0.8Train alpha0.8Test
100	0.365986	0.278812
200	0.178773	0.170505
300	0.125558	0.126508
400	0.0228996	0.121475
===========================
iter alpha0.9Train alpha0.9Test
100	0.469489	0.432355
200	0.290548	0.192398
300	0.254842	0.216129
400	0.194761	0.174893
500	0.301099	0.256464
600	0.113346	0.145965
700	0.279525	0.134669
800	0.143178	0.123107