1	2.35078	-1
2	2.30175	-1
3	2.20241	-1
4	2.10714	-1
5	2.01169	-1
6	2.12482	-1
7	2.08531	-1
8	1.78157	-1
9	1.78846	-1
10	1.62308	-1
11	1.53532	-1
12	1.46828	-1
13	1.43104	-1
14	1.74945	-1
15	2.02958	-1
16	1.64119	-1
17	1.29378	-1
18	1.22145	-1
19	0.990552	-1
20	1.15604	-1
21	1.36087	-1
22	1.34422	-1
23	0.973328	-1
24	0.709389	-1
25	0.715482	-1
26	0.910349	-1
27	0.749808	-1
28	0.650217	-1
29	0.611237	-1
30	0.660165	-1
31	0.81536	-1
32	0.898718	-1
33	0.49233	-1
34	0.508823	-1
35	0.449049	-1
36	0.551574	-1
37	0.344717	-1
38	0.524893	-1
39	1.08576	-1
40	1.31382	-1
41	1.11833	-1
42	0.963655	-1
43	0.598683	-1
44	0.733194	-1
45	0.515737	-1
46	0.423522	-1
47	0.424983	-1
48	0.498191	-1
49	0.379309	-1
50	0.232481	-1
51	0.454784	-1
52	0.540856	-1
53	0.665754	-1
54	0.833731	-1
55	0.557956	-1
56	0.46476	-1
57	0.588968	-1
58	0.535218	-1
59	0.284633	-1
60	0.560801	-1
61	0.570672	-1
62	0.577122	-1
63	0.731296	-1
64	0.742285	-1
65	0.856203	-1
66	0.365767	-1
67	0.282715	-1
68	0.372593	-1
69	0.424654	-1
70	0.343701	-1
71	0.288724	-1
72	0.247623	-1
73	0.513526	-1
74	0.401544	-1
75	0.379087	-1
76	0.506646	-1
77	0.238648	-1
78	0.415627	-1
79	0.17191	-1
80	0.290639	-1
81	0.379013	-1
82	0.432999	-1
83	0.452097	-1
84	0.257252	-1
85	0.400591	-1
86	0.282567	-1
87	0.235261	-1
88	0.29238	-1
89	0.308482	-1
90	0.235224	-1
91	0.129055	-1
92	0.170813	-1
93	0.329316	-1
94	0.278208	-1
95	0.387526	-1
96	0.210206	-1
97	0.509033	-1
98	0.381361	-1
99	0.420263	-1
100	0.265317	0.264244
101	0.331841	-1
102	0.463962	-1
103	0.324552	-1
104	0.233678	-1
105	0.189222	-1
106	0.462492	-1
107	0.34575	-1
108	0.572185	-1
109	0.341313	-1
110	0.30393	-1
111	0.376175	-1
112	0.224976	-1
113	0.358417	-1
114	0.283212	-1
115	0.188732	-1
116	0.312708	-1
117	0.29897	-1
118	0.579069	-1
119	0.750978	-1
120	0.816836	-1
121	0.361789	-1
122	0.355021	-1
123	0.267795	-1
124	0.271332	-1
125	0.188037	-1
126	0.191805	-1
127	0.354345	-1
128	0.244021	-1
129	0.292133	-1
130	0.30764	-1
131	0.104457	-1
132	0.205305	-1
133	0.182368	-1
134	0.153572	-1
135	0.295841	-1
136	0.303924	-1
137	0.412295	-1
138	0.340695	-1
139	0.0945964	-1
140	0.350073	-1
141	0.75075	-1
142	0.750619	-1
143	0.208141	-1
144	0.230171	-1
145	0.277535	-1
146	0.159279	-1
147	0.1962	-1
148	0.143553	-1
149	0.195816	-1
150	0.431218	-1
151	0.386337	-1
152	0.300394	-1
153	0.526148	-1
154	0.593747	-1
155	0.302173	-1
156	0.373974	-1
157	0.37395	-1
158	0.287359	-1
159	0.366053	-1
160	0.492303	-1
161	0.278711	-1
162	0.256891	-1
163	0.34764	-1
164	0.233321	-1
165	0.124092	-1
166	0.293992	-1
167	0.146882	-1
168	0.162521	-1
169	0.242725	-1
170	0.288487	-1
171	0.425072	-1
172	0.494593	-1
173	0.138651	-1
174	0.256312	-1
175	0.207714	-1
176	0.0774844	-1
177	0.153719	-1
178	0.214638	-1
179	0.32818	-1
180	0.236905	-1
181	0.205282	-1
182	0.316828	-1
183	0.374058	-1
184	0.206553	-1
185	0.0795243	-1
186	0.118258	-1
187	0.381629	-1
188	0.358284	-1
189	0.200702	-1
190	0.153578	-1
191	0.124411	-1
192	0.162994	-1
193	0.14188	-1
194	0.108136	-1
195	0.0595603	-1
196	0.204236	-1
197	0.308554	-1
198	0.183766	-1
199	0.285372	-1
200	0.239336	0.162414
201	0.303555	-1
202	0.259514	-1
203	0.332201	-1
204	0.159029	-1
205	0.124416	-1
206	0.282716	-1
207	0.130382	-1
208	0.143854	-1
209	0.355413	-1
210	0.361368	-1
211	0.205247	-1
212	0.108268	-1
213	0.175461	-1
214	0.294674	-1
215	0.157853	-1
216	0.427717	-1
217	0.191741	-1
218	0.161204	-1
219	0.229099	-1
220	0.148727	-1
221	0.138785	-1
222	0.213713	-1
223	0.118987	-1
224	0.365354	-1
225	0.158818	-1
226	0.164697	-1
227	0.178752	-1
228	0.219465	-1
229	0.0747306	-1
230	0.246819	-1
231	0.26923	-1
232	0.279591	-1
233	0.361407	-1
234	0.14493	-1
235	0.0536555	-1
236	0.129432	-1
237	0.0536623	-1
238	0.209604	-1
239	0.150498	-1
240	0.205355	-1
241	0.155509	-1
242	0.208612	-1
243	0.170451	-1
244	0.151709	-1
245	0.280165	-1
246	0.156209	-1
247	0.133573	-1
248	0.0995559	-1
249	0.242951	-1
250	0.149278	-1
251	0.305246	-1
252	0.084279	-1
253	0.202466	-1
254	0.148658	-1
255	0.269823	-1
256	0.162461	-1
257	0.186981	-1
258	0.120557	-1
259	0.26641	-1
260	0.44789	-1
261	0.23888	-1
262	0.175163	-1
263	0.102119	-1
264	0.186261	-1
265	0.0716173	-1
266	0.210206	-1
267	0.244504	-1
268	0.240966	-1
269	0.133228	-1
270	0.104406	-1
271	0.223532	-1
272	0.198778	-1
273	0.118931	-1
274	0.174859	-1
275	0.117855	-1
276	0.0588268	-1
277	0.238478	-1
278	0.153135	-1
279	0.133065	-1
280	0.170387	-1
281	0.196796	-1
282	0.0929466	-1
283	0.177242	-1
284	0.277894	-1
285	0.460466	-1
286	0.237615	-1
287	0.0840442	-1
288	0.142584	-1
289	0.0898492	-1
290	0.342993	-1
291	0.160844	-1
292	0.323008	-1
293	0.168373	-1
294	0.137537	-1
295	0.203649	-1
296	0.0776296	-1
297	0.0948451	-1
298	0.105262	-1
299	0.191	-1
300	0.0801391	0.141495
301	0.239432	-1
302	0.167584	-1
303	0.162882	-1
304	0.147715	-1
305	0.247515	-1
306	0.495427	-1
307	0.0593879	-1
308	0.0784607	-1
309	0.174491	-1
310	0.342422	-1
311	0.292059	-1
312	0.149716	-1
313	0.0697575	-1
314	0.0550395	-1
315	0.215936	-1
316	0.28995	-1
317	0.263012	-1
318	0.220142	-1
319	0.10181	-1
320	0.0860289	-1
321	0.222954	-1
322	0.28639	-1
323	0.124771	-1
324	0.174333	-1
325	0.0262866	-1
326	0.0465055	-1
327	0.147271	-1
328	0.118074	-1
329	0.0974911	-1
330	0.264524	-1
331	0.174339	-1
332	0.170837	-1
333	0.162388	-1
334	0.0730381	-1
335	0.180622	-1
336	0.184644	-1
337	0.135859	-1
338	0.210185	-1
339	0.113284	-1
340	0.0504728	-1
341	0.107506	-1
342	0.121285	-1
343	0.14318	-1
344	0.212601	-1
345	0.50689	-1
346	0.107522	-1
347	0.201091	-1
348	0.191447	-1
349	0.149791	-1
350	0.257677	-1
351	0.256251	-1
352	0.184395	-1
353	0.199071	-1
354	0.184346	-1
355	0.301791	-1
356	0.133109	-1
357	0.176754	-1
358	0.0949459	-1
359	0.0705098	-1
360	0.185361	-1
361	0.215286	-1
362	0.172358	-1
363	0.176131	-1
364	0.115515	-1
365	0.0744095	-1
366	0.109262	-1
367	0.195122	-1
368	0.100959	-1
369	0.307404	-1
370	0.238554	-1
371	0.247382	-1
372	0.113619	-1
373	0.0380306	-1
374	0.234416	-1
375	0.151364	-1
376	0.203906	-1
377	0.0372058	-1
378	0.174294	-1
379	0.110237	-1
380	0.120451	-1
381	0.188339	-1
382	0.0630261	-1
383	0.465074	-1
384	0.0959973	-1
385	0.209331	-1
386	0.14033	-1
387	0.0774989	-1
388	0.0953643	-1
389	0.0967918	-1
390	0.226967	-1
391	0.116672	-1
392	0.109269	-1
393	0.119227	-1
394	0.180895	-1
395	0.153212	-1
396	0.284079	-1
397	0.170825	-1
398	0.1769	-1
399	0.240439	-1
400	0.132282	0.120709
401	-1	-1
402	-1	-1
403	-1	-1
404	-1	-1
405	-1	-1
406	-1	-1
407	-1	-1
408	-1	-1
409	-1	-1
410	-1	-1
411	-1	-1
412	-1	-1
413	-1	-1
414	-1	-1
415	-1	-1
416	-1	-1
417	-1	-1
418	-1	-1
419	-1	-1
420	-1	-1
421	-1	-1
422	-1	-1
423	-1	-1
424	-1	-1
425	-1	-1
426	-1	-1
427	-1	-1
428	-1	-1
429	-1	-1
430	-1	-1
431	-1	-1
432	-1	-1
433	-1	-1
434	-1	-1
435	-1	-1
436	-1	-1
437	-1	-1
438	-1	-1
439	-1	-1
440	-1	-1
441	-1	-1
442	-1	-1
443	-1	-1
444	-1	-1
445	-1	-1
446	-1	-1
447	-1	-1
448	-1	-1
449	-1	-1
450	-1	-1
451	-1	-1
452	-1	-1
453	-1	-1
454	-1	-1
455	-1	-1
456	-1	-1
457	-1	-1
458	-1	-1
459	-1	-1
460	-1	-1
461	-1	-1
462	-1	-1
463	-1	-1
464	-1	-1
465	-1	-1
466	-1	-1
467	-1	-1
468	-1	-1
469	-1	-1
470	-1	-1
471	-1	-1
472	-1	-1
473	-1	-1
474	-1	-1
475	-1	-1
476	-1	-1
477	-1	-1
478	-1	-1
479	-1	-1
480	-1	-1
481	-1	-1
482	-1	-1
483	-1	-1
484	-1	-1
485	-1	-1
486	-1	-1
487	-1	-1
488	-1	-1
489	-1	-1
490	-1	-1
491	-1	-1
492	-1	-1
493	-1	-1
494	-1	-1
495	-1	-1
496	-1	-1
497	-1	-1
498	-1	-1
499	-1	-1
500	-1	-1
501	-1	-1
502	-1	-1
503	-1	-1
504	-1	-1
505	-1	-1
506	-1	-1
507	-1	-1
508	-1	-1
509	-1	-1
510	-1	-1
511	-1	-1
512	-1	-1
513	-1	-1
514	-1	-1
515	-1	-1
516	-1	-1
517	-1	-1
518	-1	-1
519	-1	-1
520	-1	-1
521	-1	-1
522	-1	-1
523	-1	-1
524	-1	-1
525	-1	-1
526	-1	-1
527	-1	-1
528	-1	-1
529	-1	-1
530	-1	-1
531	-1	-1
532	-1	-1
533	-1	-1
534	-1	-1
535	-1	-1
536	-1	-1
537	-1	-1
538	-1	-1
539	-1	-1
540	-1	-1
541	-1	-1
542	-1	-1
543	-1	-1
544	-1	-1
545	-1	-1
546	-1	-1
547	-1	-1
548	-1	-1
549	-1	-1
550	-1	-1
551	-1	-1
552	-1	-1
553	-1	-1
554	-1	-1
555	-1	-1
556	-1	-1
557	-1	-1
558	-1	-1
559	-1	-1
560	-1	-1
561	-1	-1
562	-1	-1
563	-1	-1
564	-1	-1
565	-1	-1
566	-1	-1
567	-1	-1
568	-1	-1
569	-1	-1
570	-1	-1
571	-1	-1
572	-1	-1
573	-1	-1
574	-1	-1
575	-1	-1
576	-1	-1
577	-1	-1
578	-1	-1
579	-1	-1
580	-1	-1
581	-1	-1
582	-1	-1
583	-1	-1
584	-1	-1
585	-1	-1
586	-1	-1
587	-1	-1
588	-1	-1
589	-1	-1
590	-1	-1
591	-1	-1
592	-1	-1
593	-1	-1
594	-1	-1
595	-1	-1
596	-1	-1
597	-1	-1
598	-1	-1
599	-1	-1
600	-1	-1
601	-1	-1
602	-1	-1
603	-1	-1
604	-1	-1
605	-1	-1
606	-1	-1
607	-1	-1
608	-1	-1
609	-1	-1
610	-1	-1
611	-1	-1
612	-1	-1
613	-1	-1
614	-1	-1
615	-1	-1
616	-1	-1
617	-1	-1
618	-1	-1
619	-1	-1
620	-1	-1
621	-1	-1
622	-1	-1
623	-1	-1
624	-1	-1
625	-1	-1
626	-1	-1
627	-1	-1
628	-1	-1
629	-1	-1
630	-1	-1
631	-1	-1
632	-1	-1
633	-1	-1
634	-1	-1
635	-1	-1
636	-1	-1
637	-1	-1
638	-1	-1
639	-1	-1
640	-1	-1
641	-1	-1
642	-1	-1
643	-1	-1
644	-1	-1
645	-1	-1
646	-1	-1
647	-1	-1
648	-1	-1
649	-1	-1
650	-1	-1
651	-1	-1
652	-1	-1
653	-1	-1
654	-1	-1
655	-1	-1
656	-1	-1
657	-1	-1
658	-1	-1
659	-1	-1
660	-1	-1
661	-1	-1
662	-1	-1
663	-1	-1
664	-1	-1
665	-1	-1
666	-1	-1
667	-1	-1
668	-1	-1
669	-1	-1
670	-1	-1
671	-1	-1
672	-1	-1
673	-1	-1
674	-1	-1
675	-1	-1
676	-1	-1
677	-1	-1
678	-1	-1
679	-1	-1
680	-1	-1
681	-1	-1
682	-1	-1
683	-1	-1
684	-1	-1
685	-1	-1
686	-1	-1
687	-1	-1
688	-1	-1
689	-1	-1
690	-1	-1
691	-1	-1
692	-1	-1
693	-1	-1
694	-1	-1
695	-1	-1
696	-1	-1
697	-1	-1
698	-1	-1
699	-1	-1
700	-1	-1
701	-1	-1
702	-1	-1
703	-1	-1
704	-1	-1
705	-1	-1
706	-1	-1
707	-1	-1
708	-1	-1
709	-1	-1
710	-1	-1
711	-1	-1
712	-1	-1
713	-1	-1
714	-1	-1
715	-1	-1
716	-1	-1
717	-1	-1
718	-1	-1
719	-1	-1
720	-1	-1
721	-1	-1
722	-1	-1
723	-1	-1
724	-1	-1
725	-1	-1
726	-1	-1
727	-1	-1
728	-1	-1
729	-1	-1
730	-1	-1
731	-1	-1
732	-1	-1
733	-1	-1
734	-1	-1
735	-1	-1
736	-1	-1
737	-1	-1
738	-1	-1
739	-1	-1
740	-1	-1
741	-1	-1
742	-1	-1
743	-1	-1
744	-1	-1
745	-1	-1
746	-1	-1
747	-1	-1
748	-1	-1
749	-1	-1
750	-1	-1
751	-1	-1
752	-1	-1
753	-1	-1
754	-1	-1
755	-1	-1
756	-1	-1
757	-1	-1
758	-1	-1
759	-1	-1
760	-1	-1
761	-1	-1
762	-1	-1
763	-1	-1
764	-1	-1
765	-1	-1
766	-1	-1
767	-1	-1
768	-1	-1
769	-1	-1
770	-1	-1
771	-1	-1
772	-1	-1
773	-1	-1
774	-1	-1
775	-1	-1
776	-1	-1
777	-1	-1
778	-1	-1
779	-1	-1
780	-1	-1
781	-1	-1
782	-1	-1
783	-1	-1
784	-1	-1
785	-1	-1
786	-1	-1
787	-1	-1
788	-1	-1
789	-1	-1
790	-1	-1
791	-1	-1
792	-1	-1
793	-1	-1
794	-1	-1
795	-1	-1
796	-1	-1
797	-1	-1
798	-1	-1
799	-1	-1
800	-1	-1
801	-1	-1
802	-1	-1
803	-1	-1
804	-1	-1
805	-1	-1
806	-1	-1
807	-1	-1
808	-1	-1
809	-1	-1
810	-1	-1
811	-1	-1
812	-1	-1
813	-1	-1
814	-1	-1
815	-1	-1
816	-1	-1
817	-1	-1
818	-1	-1
819	-1	-1
820	-1	-1
821	-1	-1
822	-1	-1
823	-1	-1
824	-1	-1
825	-1	-1
826	-1	-1
827	-1	-1
828	-1	-1
829	-1	-1
830	-1	-1
831	-1	-1
832	-1	-1
833	-1	-1
834	-1	-1
835	-1	-1
836	-1	-1
837	-1	-1
838	-1	-1
839	-1	-1
840	-1	-1
841	-1	-1
842	-1	-1
843	-1	-1
844	-1	-1
845	-1	-1
846	-1	-1
847	-1	-1
848	-1	-1
849	-1	-1
850	-1	-1
851	-1	-1
852	-1	-1
853	-1	-1
854	-1	-1
855	-1	-1
856	-1	-1
857	-1	-1
858	-1	-1
859	-1	-1
860	-1	-1
861	-1	-1
862	-1	-1
863	-1	-1
864	-1	-1
865	-1	-1
866	-1	-1
867	-1	-1
868	-1	-1
869	-1	-1
870	-1	-1
871	-1	-1
872	-1	-1
873	-1	-1
874	-1	-1
875	-1	-1
876	-1	-1
877	-1	-1
878	-1	-1
879	-1	-1
880	-1	-1
881	-1	-1
882	-1	-1
883	-1	-1
884	-1	-1
885	-1	-1
886	-1	-1
887	-1	-1
888	-1	-1
889	-1	-1
890	-1	-1
891	-1	-1
892	-1	-1
893	-1	-1
894	-1	-1
895	-1	-1
896	-1	-1
897	-1	-1
898	-1	-1
899	-1	-1
900	-1	-1
901	-1	-1
902	-1	-1
903	-1	-1
904	-1	-1
905	-1	-1
906	-1	-1
907	-1	-1
908	-1	-1
909	-1	-1
910	-1	-1
911	-1	-1
912	-1	-1
913	-1	-1
914	-1	-1
915	-1	-1
916	-1	-1
917	-1	-1
918	-1	-1
919	-1	-1
920	-1	-1
921	-1	-1
922	-1	-1
923	-1	-1
924	-1	-1
925	-1	-1
926	-1	-1
927	-1	-1
928	-1	-1
929	-1	-1
930	-1	-1
931	-1	-1
932	-1	-1
933	-1	-1
934	-1	-1
935	-1	-1
936	-1	-1
937	-1	-1
938	-1	-1
939	-1	-1
940	-1	-1
941	-1	-1
942	-1	-1
943	-1	-1
944	-1	-1
945	-1	-1
946	-1	-1
947	-1	-1
948	-1	-1
949	-1	-1
950	-1	-1
951	-1	-1
952	-1	-1
953	-1	-1
954	-1	-1
955	-1	-1
956	-1	-1
957	-1	-1
958	-1	-1
959	-1	-1
960	-1	-1
961	-1	-1
962	-1	-1
963	-1	-1
964	-1	-1
965	-1	-1
966	-1	-1
967	-1	-1
968	-1	-1
969	-1	-1
970	-1	-1
971	-1	-1
972	-1	-1
973	-1	-1
974	-1	-1
975	-1	-1
976	-1	-1
977	-1	-1
978	-1	-1
979	-1	-1
980	-1	-1
981	-1	-1
982	-1	-1
983	-1	-1
984	-1	-1
985	-1	-1
986	-1	-1
987	-1	-1
988	-1	-1
989	-1	-1
990	-1	-1
991	-1	-1
992	-1	-1
993	-1	-1
994	-1	-1
995	-1	-1
996	-1	-1
997	-1	-1
998	-1	-1
999	-1	-1
1000	-1	-1
