1	2.32915	-1
2	2.32809	-1
3	2.30882	-1
4	2.27862	-1
5	2.34496	-1
6	2.24183	-1
7	2.21094	-1
8	2.28198	-1
9	2.25015	-1
10	2.17396	-1
11	2.13829	-1
12	2.0941	-1
13	2.06724	-1
14	2.05301	-1
15	1.93014	-1
16	1.96699	-1
17	2.74604	-1
18	2.26309	-1
19	2.19056	-1
20	2.16199	-1
21	2.08767	-1
22	2.13929	-1
23	2.10324	-1
24	1.97319	-1
25	1.93784	-1
26	1.79094	-1
27	1.66471	-1
28	1.98739	-1
29	1.68561	-1
30	1.455	-1
31	1.37809	-1
32	1.14794	-1
33	1.28303	-1
34	1.21534	-1
35	1.3478	-1
36	1.60851	-1
37	1.14642	-1
38	1.0179	-1
39	1.28625	-1
40	1.01341	-1
41	1.13767	-1
42	1.22122	-1
43	1.26121	-1
44	0.810505	-1
45	0.676204	-1
46	0.765663	-1
47	0.683033	-1
48	0.746779	-1
49	0.605784	-1
50	0.577683	-1
51	0.70463	-1
52	0.713143	-1
53	0.765352	-1
54	0.842177	-1
55	0.820158	-1
56	0.692685	-1
57	0.638182	-1
58	0.664897	-1
59	0.587506	-1
60	0.575655	-1
61	0.46661	-1
62	0.396213	-1
63	0.32936	-1
64	0.701045	-1
65	0.680551	-1
66	1.01826	-1
67	0.953952	-1
68	0.699599	-1
69	0.502669	-1
70	0.45887	-1
71	0.360695	-1
72	0.339411	-1
73	0.847484	-1
74	1.37691	-1
75	0.947814	-1
76	0.78441	-1
77	0.512646	-1
78	0.662611	-1
79	0.522809	-1
80	0.297107	-1
81	0.519353	-1
82	0.487965	-1
83	0.492227	-1
84	0.341343	-1
85	0.329235	-1
86	0.368775	-1
87	0.265414	-1
88	0.570396	-1
89	0.261366	-1
90	0.41265	-1
91	0.454692	-1
92	0.577659	-1
93	0.716204	-1
94	0.918949	-1
95	0.441088	-1
96	0.376905	-1
97	0.408422	-1
98	0.298672	-1
99	0.69954	-1
100	0.474793	0.382603
101	0.405483	-1
102	0.385906	-1
103	0.434433	-1
104	0.388662	-1
105	0.422386	-1
106	0.314329	-1
107	0.335858	-1
108	0.502046	-1
109	0.348965	-1
110	0.181568	-1
111	0.372709	-1
112	0.25534	-1
113	0.535797	-1
114	0.531514	-1
115	0.351942	-1
116	0.482375	-1
117	0.262168	-1
118	0.207393	-1
119	0.34066	-1
120	0.283739	-1
121	0.358047	-1
122	0.219294	-1
123	0.198965	-1
124	0.495298	-1
125	0.2249	-1
126	0.375351	-1
127	0.318498	-1
128	0.247375	-1
129	0.24532	-1
130	0.230621	-1
131	0.120003	-1
132	0.119449	-1
133	0.217833	-1
134	0.252546	-1
135	0.390745	-1
136	0.328619	-1
137	0.175163	-1
138	0.212907	-1
139	0.322551	-1
140	0.186307	-1
141	0.201528	-1
142	0.380737	-1
143	0.30562	-1
144	0.359866	-1
145	0.478494	-1
146	0.31014	-1
147	0.240944	-1
148	0.408661	-1
149	0.646415	-1
150	0.40415	-1
151	0.200158	-1
152	0.188468	-1
153	0.40175	-1
154	0.305688	-1
155	0.369536	-1
156	0.271462	-1
157	0.345802	-1
158	0.450385	-1
159	0.347719	-1
160	0.560029	-1
161	0.246258	-1
162	0.183101	-1
163	0.20656	-1
164	0.258252	-1
165	0.120119	-1
166	0.29426	-1
167	0.229939	-1
168	0.257061	-1
169	0.323817	-1
170	0.0966024	-1
171	0.197345	-1
172	0.351533	-1
173	0.288638	-1
174	0.336623	-1
175	0.223395	-1
176	0.25771	-1
177	0.160022	-1
178	0.359483	-1
179	0.277991	-1
180	0.357256	-1
181	0.17037	-1
182	0.25513	-1
183	0.127655	-1
184	0.23783	-1
185	0.23433	-1
186	0.236658	-1
187	0.283246	-1
188	0.145224	-1
189	0.34345	-1
190	0.198418	-1
191	0.213748	-1
192	0.171017	-1
193	0.126834	-1
194	0.20673	-1
195	0.401431	-1
196	0.407418	-1
197	0.2925	-1
198	0.192399	-1
199	0.23071	-1
200	0.124918	0.180526
201	0.124528	-1
202	0.438532	-1
203	0.29839	-1
204	0.150973	-1
205	0.189663	-1
206	0.215339	-1
207	0.0699814	-1
208	0.177238	-1
209	0.168935	-1
210	0.244898	-1
211	0.353697	-1
212	0.428328	-1
213	0.354312	-1
214	0.0787567	-1
215	0.232778	-1
216	0.245328	-1
217	0.31256	-1
218	0.209935	-1
219	0.349188	-1
220	0.240107	-1
221	0.151085	-1
222	0.133671	-1
223	0.194561	-1
224	0.184555	-1
225	0.187923	-1
226	0.147518	-1
227	0.171709	-1
228	0.317859	-1
229	0.316099	-1
230	0.277911	-1
231	0.166868	-1
232	0.228052	-1
233	0.167729	-1
234	0.109954	-1
235	0.415063	-1
236	0.113735	-1
237	0.220526	-1
238	0.264748	-1
239	0.179257	-1
240	0.0957547	-1
241	0.252959	-1
242	0.261561	-1
243	0.193519	-1
244	0.280266	-1
245	0.193957	-1
246	0.210768	-1
247	0.138583	-1
248	0.208499	-1
249	0.165194	-1
250	0.163651	-1
251	0.227978	-1
252	0.108475	-1
253	0.20984	-1
254	0.183682	-1
255	0.173669	-1
256	0.189287	-1
257	0.316325	-1
258	0.549577	-1
259	0.444176	-1
260	0.224389	-1
261	0.133221	-1
262	0.19072	-1
263	0.174989	-1
264	0.0612846	-1
265	0.194613	-1
266	0.242396	-1
267	0.0865682	-1
268	0.0847974	-1
269	0.298075	-1
270	0.168392	-1
271	0.128047	-1
272	0.109094	-1
273	0.151178	-1
274	0.187033	-1
275	0.214864	-1
276	0.201065	-1
277	0.103497	-1
278	0.0960739	-1
279	0.305878	-1
280	0.268197	-1
281	0.15853	-1
282	0.1974	-1
283	0.332657	-1
284	0.0960476	-1
285	0.147554	-1
286	0.220863	-1
287	0.183445	-1
288	0.190969	-1
289	0.186861	-1
290	0.430333	-1
291	0.14342	-1
292	0.187186	-1
293	0.214424	-1
294	0.225317	-1
295	0.11778	-1
296	0.172851	-1
297	0.0930421	-1
298	0.0363959	-1
299	0.0925783	-1
300	0.222878	0.14394
301	0.0835311	-1
302	0.0956097	-1
303	0.0965309	-1
304	0.12507	-1
305	0.280722	-1
306	0.204621	-1
307	0.269477	-1
308	0.233225	-1
309	0.163115	-1
310	0.125847	-1
311	0.159717	-1
312	0.222365	-1
313	0.526452	-1
314	0.167262	-1
315	0.0775592	-1
316	0.175604	-1
317	0.192807	-1
318	0.148245	-1
319	0.170864	-1
320	0.0615273	-1
321	0.154682	-1
322	0.0729698	-1
323	0.357466	-1
324	0.194974	-1
325	0.155768	-1
326	0.16562	-1
327	0.412976	-1
328	0.190685	-1
329	0.161024	-1
330	0.163338	-1
331	0.18345	-1
332	0.164665	-1
333	0.186478	-1
334	0.271791	-1
335	0.231861	-1
336	0.220861	-1
337	0.221904	-1
338	0.159401	-1
339	0.186147	-1
340	0.336325	-1
341	0.157599	-1
342	0.0698517	-1
343	0.130339	-1
344	0.0394386	-1
345	0.0826397	-1
346	0.310598	-1
347	0.229266	-1
348	0.26693	-1
349	0.660115	-1
350	0.302416	-1
351	0.176109	-1
352	0.0925961	-1
353	0.0894434	-1
354	0.0753128	-1
355	0.0757049	-1
356	0.162842	-1
357	0.142759	-1
358	0.0951983	-1
359	0.168111	-1
360	0.0899676	-1
361	0.237547	-1
362	0.195459	-1
363	0.117274	-1
364	0.12905	-1
365	0.098418	-1
366	0.0130829	-1
367	0.101435	-1
368	0.184694	-1
369	0.1712	-1
370	0.199394	-1
371	0.10764	-1
372	0.155863	-1
373	0.0453546	-1
374	0.0871989	-1
375	0.181879	-1
376	0.176989	-1
377	0.256322	-1
378	0.140388	-1
379	0.223187	-1
380	0.114969	-1
381	0.0591793	-1
382	0.0286885	-1
383	0.080663	-1
384	0.122503	-1
385	0.291577	-1
386	0.158801	-1
387	0.0621691	-1
388	0.113058	-1
389	0.0834017	-1
390	0.0686262	-1
391	0.0266007	-1
392	0.0498125	-1
393	0.102205	-1
394	0.259224	-1
395	0.146273	-1
396	0.131905	-1
397	0.0519293	-1
398	0.260503	-1
399	0.228759	-1
400	0.0770074	0.119942
401	0.0818891	-1
402	0.0491766	-1
403	0.235136	-1
404	0.0885269	-1
405	0.0969513	-1
406	0.0726842	-1
407	0.152825	-1
408	0.109274	-1
409	0.150882	-1
410	0.177124	-1
411	0.262007	-1
412	0.274082	-1
413	0.129319	-1
414	0.199825	-1
415	0.236064	-1
416	0.249718	-1
417	0.0497864	-1
418	0.319559	-1
419	0.107114	-1
420	0.0989603	-1
421	0.114186	-1
422	0.155347	-1
423	0.268932	-1
424	0.043883	-1
425	0.191639	-1
426	0.0572725	-1
427	0.100429	-1
428	0.254144	-1
429	0.082716	-1
430	0.181824	-1
431	0.0720734	-1
432	0.0800747	-1
433	0.0739188	-1
434	0.249052	-1
435	0.198297	-1
436	0.0713851	-1
437	0.0986919	-1
438	0.172013	-1
439	0.0794832	-1
440	0.169505	-1
441	0.113519	-1
442	0.0719734	-1
443	0.214445	-1
444	0.10353	-1
445	0.0238516	-1
446	0.0933304	-1
447	0.0734564	-1
448	0.0783748	-1
449	0.0911571	-1
450	0.120952	-1
451	0.206528	-1
452	0.0603735	-1
453	0.203932	-1
454	0.12768	-1
455	0.221478	-1
456	0.157011	-1
457	0.181658	-1
458	0.0847781	-1
459	0.0359489	-1
460	0.11993	-1
461	0.0598022	-1
462	0.0931196	-1
463	0.0773284	-1
464	0.349833	-1
465	0.0239388	-1
466	0.0601169	-1
467	0.0540549	-1
468	0.272411	-1
469	0.215899	-1
470	0.0425713	-1
471	0.17871	-1
472	0.057459	-1
473	0.0230549	-1
474	0.045703	-1
475	0.288626	-1
476	0.0876941	-1
477	0.337643	-1
478	0.150766	-1
479	0.0767685	-1
480	0.0508712	-1
481	0.100543	-1
482	0.120977	-1
483	0.0146284	-1
484	0.15852	-1
485	0.105579	-1
486	0.180047	-1
487	0.10683	-1
488	0.25082	-1
489	0.132372	-1
490	0.0235309	-1
491	0.0328289	-1
492	0.175559	-1
493	0.110504	-1
494	0.194622	-1
495	0.139683	-1
496	0.178001	-1
497	0.0796256	-1
498	0.0879707	-1
499	0.127214	-1
500	0.271952	0.127954
501	-1	-1
502	-1	-1
503	-1	-1
504	-1	-1
505	-1	-1
506	-1	-1
507	-1	-1
508	-1	-1
509	-1	-1
510	-1	-1
511	-1	-1
512	-1	-1
513	-1	-1
514	-1	-1
515	-1	-1
516	-1	-1
517	-1	-1
518	-1	-1
519	-1	-1
520	-1	-1
521	-1	-1
522	-1	-1
523	-1	-1
524	-1	-1
525	-1	-1
526	-1	-1
527	-1	-1
528	-1	-1
529	-1	-1
530	-1	-1
531	-1	-1
532	-1	-1
533	-1	-1
534	-1	-1
535	-1	-1
536	-1	-1
537	-1	-1
538	-1	-1
539	-1	-1
540	-1	-1
541	-1	-1
542	-1	-1
543	-1	-1
544	-1	-1
545	-1	-1
546	-1	-1
547	-1	-1
548	-1	-1
549	-1	-1
550	-1	-1
551	-1	-1
552	-1	-1
553	-1	-1
554	-1	-1
555	-1	-1
556	-1	-1
557	-1	-1
558	-1	-1
559	-1	-1
560	-1	-1
561	-1	-1
562	-1	-1
563	-1	-1
564	-1	-1
565	-1	-1
566	-1	-1
567	-1	-1
568	-1	-1
569	-1	-1
570	-1	-1
571	-1	-1
572	-1	-1
573	-1	-1
574	-1	-1
575	-1	-1
576	-1	-1
577	-1	-1
578	-1	-1
579	-1	-1
580	-1	-1
581	-1	-1
582	-1	-1
583	-1	-1
584	-1	-1
585	-1	-1
586	-1	-1
587	-1	-1
588	-1	-1
589	-1	-1
590	-1	-1
591	-1	-1
592	-1	-1
593	-1	-1
594	-1	-1
595	-1	-1
596	-1	-1
597	-1	-1
598	-1	-1
599	-1	-1
600	-1	-1
601	-1	-1
602	-1	-1
603	-1	-1
604	-1	-1
605	-1	-1
606	-1	-1
607	-1	-1
608	-1	-1
609	-1	-1
610	-1	-1
611	-1	-1
612	-1	-1
613	-1	-1
614	-1	-1
615	-1	-1
616	-1	-1
617	-1	-1
618	-1	-1
619	-1	-1
620	-1	-1
621	-1	-1
622	-1	-1
623	-1	-1
624	-1	-1
625	-1	-1
626	-1	-1
627	-1	-1
628	-1	-1
629	-1	-1
630	-1	-1
631	-1	-1
632	-1	-1
633	-1	-1
634	-1	-1
635	-1	-1
636	-1	-1
637	-1	-1
638	-1	-1
639	-1	-1
640	-1	-1
641	-1	-1
642	-1	-1
643	-1	-1
644	-1	-1
645	-1	-1
646	-1	-1
647	-1	-1
648	-1	-1
649	-1	-1
650	-1	-1
651	-1	-1
652	-1	-1
653	-1	-1
654	-1	-1
655	-1	-1
656	-1	-1
657	-1	-1
658	-1	-1
659	-1	-1
660	-1	-1
661	-1	-1
662	-1	-1
663	-1	-1
664	-1	-1
665	-1	-1
666	-1	-1
667	-1	-1
668	-1	-1
669	-1	-1
670	-1	-1
671	-1	-1
672	-1	-1
673	-1	-1
674	-1	-1
675	-1	-1
676	-1	-1
677	-1	-1
678	-1	-1
679	-1	-1
680	-1	-1
681	-1	-1
682	-1	-1
683	-1	-1
684	-1	-1
685	-1	-1
686	-1	-1
687	-1	-1
688	-1	-1
689	-1	-1
690	-1	-1
691	-1	-1
692	-1	-1
693	-1	-1
694	-1	-1
695	-1	-1
696	-1	-1
697	-1	-1
698	-1	-1
699	-1	-1
700	-1	-1
701	-1	-1
702	-1	-1
703	-1	-1
704	-1	-1
705	-1	-1
706	-1	-1
707	-1	-1
708	-1	-1
709	-1	-1
710	-1	-1
711	-1	-1
712	-1	-1
713	-1	-1
714	-1	-1
715	-1	-1
716	-1	-1
717	-1	-1
718	-1	-1
719	-1	-1
720	-1	-1
721	-1	-1
722	-1	-1
723	-1	-1
724	-1	-1
725	-1	-1
726	-1	-1
727	-1	-1
728	-1	-1
729	-1	-1
730	-1	-1
731	-1	-1
732	-1	-1
733	-1	-1
734	-1	-1
735	-1	-1
736	-1	-1
737	-1	-1
738	-1	-1
739	-1	-1
740	-1	-1
741	-1	-1
742	-1	-1
743	-1	-1
744	-1	-1
745	-1	-1
746	-1	-1
747	-1	-1
748	-1	-1
749	-1	-1
750	-1	-1
751	-1	-1
752	-1	-1
753	-1	-1
754	-1	-1
755	-1	-1
756	-1	-1
757	-1	-1
758	-1	-1
759	-1	-1
760	-1	-1
761	-1	-1
762	-1	-1
763	-1	-1
764	-1	-1
765	-1	-1
766	-1	-1
767	-1	-1
768	-1	-1
769	-1	-1
770	-1	-1
771	-1	-1
772	-1	-1
773	-1	-1
774	-1	-1
775	-1	-1
776	-1	-1
777	-1	-1
778	-1	-1
779	-1	-1
780	-1	-1
781	-1	-1
782	-1	-1
783	-1	-1
784	-1	-1
785	-1	-1
786	-1	-1
787	-1	-1
788	-1	-1
789	-1	-1
790	-1	-1
791	-1	-1
792	-1	-1
793	-1	-1
794	-1	-1
795	-1	-1
796	-1	-1
797	-1	-1
798	-1	-1
799	-1	-1
800	-1	-1
801	-1	-1
802	-1	-1
803	-1	-1
804	-1	-1
805	-1	-1
806	-1	-1
807	-1	-1
808	-1	-1
809	-1	-1
810	-1	-1
811	-1	-1
812	-1	-1
813	-1	-1
814	-1	-1
815	-1	-1
816	-1	-1
817	-1	-1
818	-1	-1
819	-1	-1
820	-1	-1
821	-1	-1
822	-1	-1
823	-1	-1
824	-1	-1
825	-1	-1
826	-1	-1
827	-1	-1
828	-1	-1
829	-1	-1
830	-1	-1
831	-1	-1
832	-1	-1
833	-1	-1
834	-1	-1
835	-1	-1
836	-1	-1
837	-1	-1
838	-1	-1
839	-1	-1
840	-1	-1
841	-1	-1
842	-1	-1
843	-1	-1
844	-1	-1
845	-1	-1
846	-1	-1
847	-1	-1
848	-1	-1
849	-1	-1
850	-1	-1
851	-1	-1
852	-1	-1
853	-1	-1
854	-1	-1
855	-1	-1
856	-1	-1
857	-1	-1
858	-1	-1
859	-1	-1
860	-1	-1
861	-1	-1
862	-1	-1
863	-1	-1
864	-1	-1
865	-1	-1
866	-1	-1
867	-1	-1
868	-1	-1
869	-1	-1
870	-1	-1
871	-1	-1
872	-1	-1
873	-1	-1
874	-1	-1
875	-1	-1
876	-1	-1
877	-1	-1
878	-1	-1
879	-1	-1
880	-1	-1
881	-1	-1
882	-1	-1
883	-1	-1
884	-1	-1
885	-1	-1
886	-1	-1
887	-1	-1
888	-1	-1
889	-1	-1
890	-1	-1
891	-1	-1
892	-1	-1
893	-1	-1
894	-1	-1
895	-1	-1
896	-1	-1
897	-1	-1
898	-1	-1
899	-1	-1
900	-1	-1
901	-1	-1
902	-1	-1
903	-1	-1
904	-1	-1
905	-1	-1
906	-1	-1
907	-1	-1
908	-1	-1
909	-1	-1
910	-1	-1
911	-1	-1
912	-1	-1
913	-1	-1
914	-1	-1
915	-1	-1
916	-1	-1
917	-1	-1
918	-1	-1
919	-1	-1
920	-1	-1
921	-1	-1
922	-1	-1
923	-1	-1
924	-1	-1
925	-1	-1
926	-1	-1
927	-1	-1
928	-1	-1
929	-1	-1
930	-1	-1
931	-1	-1
932	-1	-1
933	-1	-1
934	-1	-1
935	-1	-1
936	-1	-1
937	-1	-1
938	-1	-1
939	-1	-1
940	-1	-1
941	-1	-1
942	-1	-1
943	-1	-1
944	-1	-1
945	-1	-1
946	-1	-1
947	-1	-1
948	-1	-1
949	-1	-1
950	-1	-1
951	-1	-1
952	-1	-1
953	-1	-1
954	-1	-1
955	-1	-1
956	-1	-1
957	-1	-1
958	-1	-1
959	-1	-1
960	-1	-1
961	-1	-1
962	-1	-1
963	-1	-1
964	-1	-1
965	-1	-1
966	-1	-1
967	-1	-1
968	-1	-1
969	-1	-1
970	-1	-1
971	-1	-1
972	-1	-1
973	-1	-1
974	-1	-1
975	-1	-1
976	-1	-1
977	-1	-1
978	-1	-1
979	-1	-1
980	-1	-1
981	-1	-1
982	-1	-1
983	-1	-1
984	-1	-1
985	-1	-1
986	-1	-1
987	-1	-1
988	-1	-1
989	-1	-1
990	-1	-1
991	-1	-1
992	-1	-1
993	-1	-1
994	-1	-1
995	-1	-1
996	-1	-1
997	-1	-1
998	-1	-1
999	-1	-1
1000	-1	-1
