1	2.41658	-1
2	2.36644	-1
3	2.23779	-1
4	2.18537	-1
5	2.14243	-1
6	2.02098	-1
7	1.93993	-1
8	1.80118	-1
9	1.77441	-1
10	1.64572	-1
11	1.575	-1
12	1.3413	-1
13	1.41475	-1
14	1.44063	-1
15	1.22677	-1
16	0.889777	-1
17	1.26059	-1
18	1.20042	-1
19	1.32596	-1
20	1.52587	-1
21	1.07078	-1
22	1.23956	-1
23	1.01751	-1
24	0.982808	-1
25	0.789143	-1
26	0.774765	-1
27	0.664339	-1
28	0.785447	-1
29	0.762187	-1
30	0.892063	-1
31	0.801693	-1
32	0.614326	-1
33	0.769851	-1
34	0.751081	-1
35	0.94588	-1
36	0.652848	-1
37	0.701792	-1
38	0.535861	-1
39	0.59144	-1
40	0.684486	-1
41	0.558008	-1
42	0.393325	-1
43	0.931671	-1
44	0.48777	-1
45	0.570336	-1
46	0.660086	-1
47	0.74901	-1
48	0.656965	-1
49	0.782632	-1
50	0.666475	-1
51	0.521427	-1
52	0.326355	-1
53	0.439124	-1
54	0.678568	-1
55	0.351091	-1
56	0.386388	-1
57	0.428987	-1
58	0.305965	-1
59	0.545816	-1
60	0.356694	-1
61	0.313094	-1
62	0.507963	-1
63	0.521115	-1
64	0.438818	-1
65	0.443257	-1
66	0.368594	-1
67	0.496834	-1
68	0.350324	-1
69	0.357407	-1
70	0.316343	-1
71	0.379822	-1
72	0.395539	-1
73	0.50721	-1
74	0.628317	-1
75	0.691591	-1
76	0.371156	-1
77	0.369732	-1
78	0.399376	-1
79	0.633713	-1
80	0.458448	-1
81	0.566383	-1
82	0.396621	-1
83	0.567596	-1
84	0.531162	-1
85	0.438081	-1
86	0.33201	-1
87	0.434483	-1
88	0.400029	-1
89	0.464376	-1
90	0.583525	-1
91	0.277082	-1
92	0.351171	-1
93	0.367843	-1
94	0.288978	-1
95	0.505348	-1
96	0.460141	-1
97	0.330791	-1
98	0.332038	-1
99	0.335525	-1
100	0.280359	0.387741
101	0.321076	-1
102	0.301129	-1
103	0.351366	-1
104	0.439565	-1
105	0.551734	-1
106	0.450912	-1
107	0.356105	-1
108	0.513255	-1
109	0.380734	-1
110	0.554272	-1
111	0.301758	-1
112	0.327622	-1
113	0.296588	-1
114	0.418254	-1
115	0.359229	-1
116	0.538209	-1
117	0.449479	-1
118	0.374929	-1
119	0.396866	-1
120	0.336173	-1
121	0.248364	-1
122	0.364961	-1
123	0.322594	-1
124	0.374708	-1
125	0.366094	-1
126	0.390612	-1
127	0.469927	-1
128	0.233386	-1
129	0.158762	-1
130	0.223142	-1
131	0.27967	-1
132	0.363794	-1
133	0.321878	-1
134	0.257308	-1
135	0.504019	-1
136	0.534864	-1
137	0.313482	-1
138	0.289261	-1
139	0.514646	-1
140	0.520877	-1
141	0.28434	-1
142	0.108442	-1
143	0.224513	-1
144	0.235297	-1
145	0.148791	-1
146	0.296014	-1
147	0.206371	-1
148	0.243359	-1
149	0.311487	-1
150	0.305577	-1
151	0.203149	-1
152	0.310609	-1
153	0.467907	-1
154	0.515589	-1
155	0.389481	-1
156	0.285094	-1
157	0.225898	-1
158	0.240202	-1
159	0.317284	-1
160	0.239693	-1
161	0.33587	-1
162	0.467984	-1
163	0.251137	-1
164	0.358955	-1
165	0.431163	-1
166	0.347607	-1
167	0.552679	-1
168	0.199605	-1
169	0.342508	-1
170	0.203215	-1
171	0.335454	-1
172	0.367299	-1
173	0.207444	-1
174	0.190236	-1
175	0.415271	-1
176	0.122547	-1
177	0.152805	-1
178	0.333823	-1
179	0.186158	-1
180	0.430979	-1
181	0.281176	-1
182	0.434891	-1
183	0.117895	-1
184	0.21797	-1
185	0.310858	-1
186	0.306063	-1
187	0.29127	-1
188	0.213171	-1
189	0.295114	-1
190	0.35879	-1
191	0.279465	-1
192	0.241232	-1
193	0.41815	-1
194	0.383971	-1
195	0.262245	-1
196	0.327182	-1
197	0.3499	-1
198	0.374758	-1
199	0.223612	-1
200	0.189682	0.274409
201	0.182068	-1
202	0.135656	-1
203	0.495472	-1
204	0.191217	-1
205	0.317586	-1
206	0.288178	-1
207	0.0870939	-1
208	0.152026	-1
209	0.351269	-1
210	0.142987	-1
211	0.228573	-1
212	0.208775	-1
213	0.129374	-1
214	0.276359	-1
215	0.338718	-1
216	0.20578	-1
217	0.472393	-1
218	0.471288	-1
219	0.346074	-1
220	0.308848	-1
221	0.441857	-1
222	0.279852	-1
223	0.102619	-1
224	0.245643	-1
225	0.187086	-1
226	0.467914	-1
227	0.115931	-1
228	0.257658	-1
229	0.232401	-1
230	0.222374	-1
231	0.171009	-1
232	0.359434	-1
233	0.257172	-1
234	0.249421	-1
235	0.370889	-1
236	0.301278	-1
237	0.175327	-1
238	0.153575	-1
239	0.220605	-1
240	0.14054	-1
241	0.275126	-1
242	0.292481	-1
243	0.163716	-1
244	0.212114	-1
245	0.141068	-1
246	0.131403	-1
247	0.417354	-1
248	0.0818342	-1
249	0.201143	-1
250	0.357038	-1
251	0.212612	-1
252	0.221688	-1
253	0.256062	-1
254	0.0879744	-1
255	0.239457	-1
256	0.146943	-1
257	0.262795	-1
258	0.417534	-1
259	0.256538	-1
260	0.171975	-1
261	0.280939	-1
262	0.365089	-1
263	0.23338	-1
264	0.229204	-1
265	0.155246	-1
266	0.165719	-1
267	0.213073	-1
268	0.185971	-1
269	0.225628	-1
270	0.304057	-1
271	0.247486	-1
272	0.155396	-1
273	0.195358	-1
274	0.187345	-1
275	0.374085	-1
276	0.192539	-1
277	0.246813	-1
278	0.378028	-1
279	0.29427	-1
280	0.264381	-1
281	0.2016	-1
282	0.116949	-1
283	0.08217	-1
284	0.401457	-1
285	0.226581	-1
286	0.203733	-1
287	0.119149	-1
288	0.372677	-1
289	0.233495	-1
290	0.196754	-1
291	0.214144	-1
292	0.2276	-1
293	0.258514	-1
294	0.264591	-1
295	0.195024	-1
296	0.246604	-1
297	0.28474	-1
298	0.286638	-1
299	0.232569	-1
300	0.261761	0.212497
301	0.489119	-1
302	0.408618	-1
303	0.186133	-1
304	0.487773	-1
305	0.384804	-1
306	0.287747	-1
307	0.306258	-1
308	0.358967	-1
309	0.230428	-1
310	0.18782	-1
311	0.282378	-1
312	0.252637	-1
313	0.170789	-1
314	0.20288	-1
315	0.439446	-1
316	0.122859	-1
317	0.12704	-1
318	0.176808	-1
319	0.306257	-1
320	0.0907819	-1
321	0.176309	-1
322	0.201966	-1
323	0.425011	-1
324	0.504513	-1
325	0.286183	-1
326	0.207197	-1
327	0.246697	-1
328	0.19372	-1
329	0.247288	-1
330	0.452362	-1
331	0.359356	-1
332	0.200629	-1
333	0.167329	-1
334	0.255811	-1
335	0.199036	-1
336	0.350793	-1
337	0.141821	-1
338	0.460306	-1
339	0.20808	-1
340	0.167656	-1
341	0.174548	-1
342	0.212355	-1
343	0.231823	-1
344	0.198421	-1
345	0.26026	-1
346	0.31695	-1
347	0.172469	-1
348	0.130181	-1
349	0.206759	-1
350	0.132917	-1
351	0.103121	-1
352	0.248927	-1
353	0.101002	-1
354	0.186932	-1
355	0.207667	-1
356	0.346233	-1
357	0.133426	-1
358	0.359554	-1
359	0.147279	-1
360	0.159579	-1
361	0.398728	-1
362	0.187313	-1
363	0.278264	-1
364	0.256207	-1
365	0.260262	-1
366	0.266035	-1
367	0.152609	-1
368	0.190678	-1
369	0.296019	-1
370	0.216293	-1
371	0.15439	-1
372	0.171164	-1
373	0.203453	-1
374	0.0853197	-1
375	0.138693	-1
376	0.173681	-1
377	0.137464	-1
378	0.178679	-1
379	0.182098	-1
380	0.119468	-1
381	0.136325	-1
382	0.168351	-1
383	0.222664	-1
384	0.129768	-1
385	0.161243	-1
386	0.274022	-1
387	0.258409	-1
388	0.164077	-1
389	0.135041	-1
390	0.33939	-1
391	0.142659	-1
392	0.265261	-1
393	0.104247	-1
394	0.0963239	-1
395	0.155746	-1
396	0.181328	-1
397	0.222036	-1
398	0.252471	-1
399	0.181938	-1
400	0.115887	0.189226
401	0.286301	-1
402	0.567427	-1
403	0.221333	-1
404	0.199637	-1
405	0.26154	-1
406	0.197042	-1
407	0.10197	-1
408	0.174904	-1
409	0.199947	-1
410	0.358526	-1
411	0.327527	-1
412	0.276851	-1
413	0.188137	-1
414	0.280087	-1
415	0.0601384	-1
416	0.0576468	-1
417	0.100671	-1
418	0.188924	-1
419	0.12254	-1
420	0.248447	-1
421	0.122661	-1
422	0.198109	-1
423	0.0552785	-1
424	0.223262	-1
425	0.192152	-1
426	0.192485	-1
427	0.101718	-1
428	0.350799	-1
429	0.162039	-1
430	0.192814	-1
431	0.163333	-1
432	0.0640818	-1
433	0.195113	-1
434	0.0970403	-1
435	0.273424	-1
436	0.237629	-1
437	0.237228	-1
438	0.24519	-1
439	0.0918141	-1
440	0.297269	-1
441	0.334068	-1
442	0.167455	-1
443	0.251552	-1
444	0.223777	-1
445	0.19875	-1
446	0.131272	-1
447	0.260971	-1
448	0.0745087	-1
449	0.165113	-1
450	0.115019	-1
451	0.192143	-1
452	0.354767	-1
453	0.35542	-1
454	0.456718	-1
455	0.21104	-1
456	0.15796	-1
457	0.0556052	-1
458	0.168128	-1
459	0.12216	-1
460	0.186598	-1
461	0.194495	-1
462	0.201674	-1
463	0.047989	-1
464	0.281943	-1
465	0.312771	-1
466	0.0992645	-1
467	0.171059	-1
468	0.128547	-1
469	0.372718	-1
470	0.169485	-1
471	0.125425	-1
472	0.136814	-1
473	0.233874	-1
474	0.0821513	-1
475	0.0753269	-1
476	0.120271	-1
477	0.178114	-1
478	0.151011	-1
479	0.140669	-1
480	0.0451164	-1
481	0.232766	-1
482	0.0192508	-1
483	0.0509106	-1
484	0.116372	-1
485	0.101723	-1
486	0.216661	-1
487	0.129351	-1
488	0.332098	-1
489	0.182861	-1
490	0.0662687	-1
491	0.109679	-1
492	0.188006	-1
493	0.208403	-1
494	0.194363	-1
495	0.41907	-1
496	0.213766	-1
497	0.0464168	-1
498	0.171484	-1
499	0.0976308	-1
500	0.128441	0.1478
501	0.136356	-1
502	0.292134	-1
503	0.175257	-1
504	0.252308	-1
505	0.307756	-1
506	0.0844913	-1
507	0.219559	-1
508	0.072227	-1
509	0.191478	-1
510	0.144377	-1
511	0.187003	-1
512	0.24417	-1
513	0.0718351	-1
514	0.123663	-1
515	0.0883884	-1
516	0.0812006	-1
517	0.0869547	-1
518	0.0343151	-1
519	0.149097	-1
520	0.105039	-1
521	0.338585	-1
522	0.272461	-1
523	0.19881	-1
524	0.114595	-1
525	0.186283	-1
526	0.235211	-1
527	0.250339	-1
528	0.179104	-1
529	0.105197	-1
530	0.331532	-1
531	0.239315	-1
532	0.134493	-1
533	0.238966	-1
534	0.134048	-1
535	0.177923	-1
536	0.0780488	-1
537	0.0324063	-1
538	0.137146	-1
539	0.196092	-1
540	0.225136	-1
541	0.117337	-1
542	0.119486	-1
543	0.0417823	-1
544	0.158223	-1
545	0.0975018	-1
546	0.0645835	-1
547	0.298562	-1
548	0.219115	-1
549	0.155559	-1
550	0.215843	-1
551	0.0776339	-1
552	0.0827424	-1
553	0.115928	-1
554	0.123315	-1
555	0.0733431	-1
556	0.0796648	-1
557	0.0603296	-1
558	0.0865319	-1
559	0.084557	-1
560	0.10887	-1
561	0.224589	-1
562	0.173565	-1
563	0.0758611	-1
564	0.272391	-1
565	0.0943154	-1
566	0.191853	-1
567	0.128044	-1
568	0.374959	-1
569	0.0991867	-1
570	0.124871	-1
571	0.156314	-1
572	0.348315	-1
573	0.337081	-1
574	0.313299	-1
575	0.175796	-1
576	0.141615	-1
577	0.168625	-1
578	0.101475	-1
579	0.203594	-1
580	0.173062	-1
581	0.225825	-1
582	0.369903	-1
583	0.311463	-1
584	0.247879	-1
585	0.0698194	-1
586	0.153898	-1
587	0.303894	-1
588	0.237639	-1
589	0.237132	-1
590	0.0882234	-1
591	0.160526	-1
592	0.0779966	-1
593	0.122453	-1
594	0.281832	-1
595	0.129199	-1
596	0.210916	-1
597	0.158929	-1
598	0.0393473	-1
599	0.163271	-1
600	0.165501	0.147535
601	0.0825898	-1
602	0.0694268	-1
603	0.0643605	-1
604	0.121668	-1
605	0.118519	-1
606	0.231783	-1
607	0.20764	-1
608	0.157448	-1
609	0.114574	-1
610	0.133595	-1
611	0.163469	-1
612	0.147828	-1
613	0.135202	-1
614	0.100083	-1
615	0.228584	-1
616	0.173504	-1
617	0.340791	-1
618	0.181939	-1
619	0.188863	-1
620	0.136602	-1
621	0.197635	-1
622	0.137857	-1
623	0.158914	-1
624	0.0903493	-1
625	0.0703447	-1
626	0.229507	-1
627	0.0996627	-1
628	0.0976097	-1
629	0.0372325	-1
630	0.101757	-1
631	0.100954	-1
632	0.122225	-1
633	0.120793	-1
634	0.385855	-1
635	0.144611	-1
636	0.187741	-1
637	0.431103	-1
638	0.142873	-1
639	0.168765	-1
640	0.0893812	-1
641	0.122582	-1
642	0.0885381	-1
643	0.0825721	-1
644	0.110794	-1
645	0.143459	-1
646	0.424396	-1
647	0.0439312	-1
648	0.130638	-1
649	0.212711	-1
650	0.119208	-1
651	0.0763742	-1
652	0.0315285	-1
653	0.243891	-1
654	0.471728	-1
655	0.0650402	-1
656	0.339862	-1
657	0.114279	-1
658	0.0763841	-1
659	0.135375	-1
660	0.221878	-1
661	0.0890047	-1
662	0.0984991	-1
663	0.128972	-1
664	0.0938578	-1
665	0.0384686	-1
666	0.068351	-1
667	0.0519261	-1
668	0.0546603	-1
669	0.170312	-1
670	0.126031	-1
671	0.148707	-1
672	0.144757	-1
673	0.123598	-1
674	0.233504	-1
675	0.15838	-1
676	0.110179	-1
677	0.0813128	-1
678	0.0855347	-1
679	0.140722	-1
680	0.0910785	-1
681	0.0321825	-1
682	0.152321	-1
683	0.271962	-1
684	0.134647	-1
685	0.113299	-1
686	0.120176	-1
687	0.161921	-1
688	0.136746	-1
689	0.119021	-1
690	0.140468	-1
691	0.189207	-1
692	0.18496	-1
693	0.04213	-1
694	0.0726187	-1
695	0.0740428	-1
696	0.198334	-1
697	0.0704213	-1
698	0.183099	-1
699	0.118411	-1
700	0.124297	0.131081
701	0.0997633	-1
702	0.190021	-1
703	0.0888575	-1
704	0.100363	-1
705	0.238052	-1
706	0.115807	-1
707	0.0667656	-1
708	0.1003	-1
709	0.201523	-1
710	0.133404	-1
711	0.0632553	-1
712	0.198108	-1
713	0.0689984	-1
714	0.0643096	-1
715	0.0892191	-1
716	0.145269	-1
717	0.125146	-1
718	0.178945	-1
719	0.211575	-1
720	0.092482	-1
721	0.145433	-1
722	0.0237311	-1
723	0.180186	-1
724	0.374803	-1
725	0.111239	-1
726	0.092258	-1
727	0.244227	-1
728	0.186053	-1
729	0.15687	-1
730	0.207858	-1
731	0.280449	-1
732	0.0662992	-1
733	0.128114	-1
734	0.140497	-1
735	0.0585808	-1
736	0.0382008	-1
737	0.044265	-1
738	0.324674	-1
739	0.0835843	-1
740	0.222635	-1
741	0.0927316	-1
742	0.070961	-1
743	0.085071	-1
744	0.171763	-1
745	0.192725	-1
746	0.280445	-1
747	0.259785	-1
748	0.0910083	-1
749	0.145515	-1
750	0.303333	-1
751	0.141153	-1
752	0.0999461	-1
753	0.0884486	-1
754	0.169599	-1
755	0.102404	-1
756	0.0802019	-1
757	0.190732	-1
758	0.0875494	-1
759	0.223156	-1
760	0.058388	-1
761	0.234035	-1
762	0.17753	-1
763	0.106394	-1
764	0.0510028	-1
765	0.257629	-1
766	0.104608	-1
767	0.187259	-1
768	0.0535822	-1
769	0.0432014	-1
770	0.166671	-1
771	0.0664854	-1
772	0.165678	-1
773	0.124777	-1
774	0.16078	-1
775	0.109915	-1
776	0.154069	-1
777	0.0801376	-1
778	0.127102	-1
779	0.141415	-1
780	0.0813882	-1
781	0.0769636	-1
782	0.110693	-1
783	0.0787778	-1
784	0.148461	-1
785	0.133233	-1
786	0.206296	-1
787	0.0562308	-1
788	0.224667	-1
789	0.145746	-1
790	0.166309	-1
791	0.11805	-1
792	0.0656472	-1
793	0.182005	-1
794	0.133622	-1
795	0.0684336	-1
796	0.251564	-1
797	0.163523	-1
798	0.0742725	-1
799	0.0992967	-1
800	0.224994	0.132909
801	0.14435	-1
802	0.0449132	-1
803	0.0576222	-1
804	0.147974	-1
805	0.186783	-1
806	0.178568	-1
807	0.151104	-1
808	0.0866649	-1
809	0.0787071	-1
810	0.248123	-1
811	0.118893	-1
812	0.0593404	-1
813	0.0473083	-1
814	0.142236	-1
815	0.23022	-1
816	0.145419	-1
817	0.0949133	-1
818	0.122205	-1
819	0.0829182	-1
820	0.061257	-1
821	0.257706	-1
822	0.128964	-1
823	0.0839939	-1
824	0.141754	-1
825	0.1277	-1
826	0.220225	-1
827	0.267064	-1
828	0.0686959	-1
829	0.163981	-1
830	0.177333	-1
831	0.0468301	-1
832	0.0739669	-1
833	0.0845414	-1
834	0.0702105	-1
835	0.0531966	-1
836	0.0786372	-1
837	0.116508	-1
838	0.074614	-1
839	0.116392	-1
840	0.0863964	-1
841	0.0272533	-1
842	0.185408	-1
843	0.0821617	-1
844	0.169335	-1
845	0.237453	-1
846	0.293212	-1
847	0.0682227	-1
848	0.311104	-1
849	0.123803	-1
850	0.0529249	-1
851	0.149444	-1
852	0.237447	-1
853	0.147424	-1
854	0.120567	-1
855	0.101333	-1
856	0.213553	-1
857	0.0318696	-1
858	0.291094	-1
859	0.082675	-1
860	0.216734	-1
861	0.194872	-1
862	0.329172	-1
863	0.0694775	-1
864	0.181592	-1
865	0.0399335	-1
866	0.13921	-1
867	0.0666755	-1
868	0.103791	-1
869	0.056823	-1
870	0.118627	-1
871	0.0783773	-1
872	0.160571	-1
873	0.0357338	-1
874	0.0895516	-1
875	0.0534188	-1
876	0.0410128	-1
877	0.0708443	-1
878	0.204508	-1
879	0.0455731	-1
880	0.206456	-1
881	0.0794174	-1
882	0.0170789	-1
883	0.0919484	-1
884	0.0443201	-1
885	0.0509393	-1
886	0.299864	-1
887	0.242511	-1
888	0.0574683	-1
889	0.0406525	-1
890	0.193135	-1
891	0.104903	-1
892	0.199718	-1
893	0.251074	-1
894	0.0876499	-1
895	0.0968147	-1
896	0.0772599	-1
897	0.0906316	-1
898	0.0174446	-1
899	0.142198	-1
900	0.0855123	0.130868
901	0.0928825	-1
902	0.0971429	-1
903	0.127908	-1
904	0.0376637	-1
905	0.150279	-1
906	0.0265989	-1
907	0.145182	-1
908	0.159001	-1
909	0.213122	-1
910	0.20696	-1
911	0.149807	-1
912	0.150514	-1
913	0.2272	-1
914	0.0452073	-1
915	0.0955782	-1
916	0.107276	-1
917	0.222327	-1
918	0.104902	-1
919	0.058042	-1
920	0.0616696	-1
921	0.0579565	-1
922	0.163196	-1
923	0.256655	-1
924	0.0908158	-1
925	0.147939	-1
926	0.0865295	-1
927	0.0578266	-1
928	0.123598	-1
929	0.0852072	-1
930	0.0895044	-1
931	0.0650997	-1
932	0.127934	-1
933	0.183411	-1
934	0.136252	-1
935	0.239609	-1
936	0.0388036	-1
937	0.0730337	-1
938	0.0755656	-1
939	0.117125	-1
940	0.163846	-1
941	0.0640913	-1
942	0.258575	-1
943	0.0997257	-1
944	0.142397	-1
945	0.252528	-1
946	0.0864945	-1
947	0.104285	-1
948	0.33231	-1
949	0.175305	-1
950	0.2003	-1
951	0.266993	-1
952	0.0215354	-1
953	0.246019	-1
954	0.146168	-1
955	0.14075	-1
956	0.0991561	-1
957	0.203175	-1
958	0.0348185	-1
959	0.08967	-1
960	0.127155	-1
961	0.192683	-1
962	0.137337	-1
963	0.251705	-1
964	0.0853597	-1
965	0.106232	-1
966	0.0933305	-1
967	0.127283	-1
968	0.0707089	-1
969	0.0695614	-1
970	0.0845462	-1
971	0.0554605	-1
972	0.129358	-1
973	0.20362	-1
974	0.25519	-1
975	0.051625	-1
976	0.11818	-1
977	0.0136392	-1
978	0.180891	-1
979	0.043432	-1
980	0.0837415	-1
981	0.0970138	-1
982	0.151351	-1
983	0.203065	-1
984	0.0358911	-1
985	0.163318	-1
986	0.120342	-1
987	0.225658	-1
988	0.193407	-1
989	0.0922034	-1
990	0.0672076	-1
991	0.29926	-1
992	0.0912964	-1
993	0.147655	-1
994	0.215925	-1
995	0.032411	-1
996	0.0477	-1
997	0.12626	-1
998	0.0703132	-1
999	0.0868518	-1
1000	0.0261641	0.0969687
