1	2.59595	-1
2	2.3272	-1
3	2.29008	-1
4	2.2508	-1
5	2.22958	-1
6	2.26032	-1
7	2.24222	-1
8	2.16678	-1
9	2.17146	-1
10	2.12615	-1
11	2.04446	-1
12	1.87735	-1
13	1.89446	-1
14	1.90209	-1
15	1.84726	-1
16	1.75097	-1
17	1.70451	-1
18	1.42312	-1
19	1.51664	-1
20	1.62229	-1
21	1.41711	-1
22	1.30133	-1
23	1.13084	-1
24	1.68488	-1
25	1.55505	-1
26	1.30025	-1
27	0.970802	-1
28	0.929458	-1
29	1.18483	-1
30	0.889575	-1
31	0.883743	-1
32	1.16049	-1
33	0.936511	-1
34	0.985306	-1
35	1.54944	-1
36	0.996109	-1
37	0.716092	-1
38	0.773516	-1
39	0.585657	-1
40	0.48124	-1
41	0.586844	-1
42	0.699066	-1
43	0.937988	-1
44	0.897396	-1
45	0.634277	-1
46	0.36184	-1
47	0.579767	-1
48	0.430156	-1
49	0.504435	-1
50	0.48261	-1
51	0.502127	-1
52	0.44496	-1
53	0.552881	-1
54	0.498342	-1
55	0.693725	-1
56	0.725413	-1
57	0.513329	-1
58	0.549623	-1
59	0.439558	-1
60	0.834677	-1
61	0.538115	-1
62	0.599315	-1
63	0.550624	-1
64	0.502103	-1
65	0.33582	-1
66	0.558971	-1
67	0.576089	-1
68	0.937205	-1
69	0.92485	-1
70	0.604809	-1
71	0.594112	-1
72	0.616275	-1
73	0.651237	-1
74	0.618073	-1
75	0.575701	-1
76	0.424274	-1
77	0.368726	-1
78	0.476932	-1
79	0.411626	-1
80	0.483995	-1
81	0.469993	-1
82	0.713447	-1
83	0.582643	-1
84	0.370625	-1
85	0.379946	-1
86	0.324506	-1
87	0.380884	-1
88	0.242769	-1
89	0.177956	-1
90	0.341409	-1
91	0.382682	-1
92	0.424448	-1
93	0.253398	-1
94	0.272713	-1
95	0.368345	-1
96	0.404072	-1
97	0.469586	-1
98	0.181708	-1
99	0.517671	-1
100	0.323156	0.288358
101	0.287865	-1
102	0.218903	-1
103	0.243726	-1
104	0.160727	-1
105	0.496835	-1
106	0.434176	-1
107	0.33562	-1
108	0.18517	-1
109	0.496714	-1
110	0.317389	-1
111	0.390946	-1
112	0.278059	-1
113	0.396708	-1
114	0.234127	-1
115	0.502666	-1
116	0.401097	-1
117	0.46636	-1
118	0.352987	-1
119	0.290149	-1
120	0.439404	-1
121	0.322177	-1
122	0.319639	-1
123	0.168709	-1
124	0.343342	-1
125	0.245336	-1
126	0.137788	-1
127	0.262174	-1
128	0.290919	-1
129	0.250778	-1
130	0.313213	-1
131	0.371393	-1
132	0.253993	-1
133	0.27381	-1
134	0.2299	-1
135	0.487428	-1
136	0.254337	-1
137	0.364673	-1
138	0.561721	-1
139	0.238268	-1
140	0.464433	-1
141	0.276784	-1
142	0.324318	-1
143	0.313958	-1
144	0.145855	-1
145	0.375363	-1
146	0.648218	-1
147	0.240669	-1
148	0.236156	-1
149	0.304647	-1
150	0.187136	-1
151	0.30237	-1
152	0.241809	-1
153	0.265132	-1
154	0.195491	-1
155	0.225942	-1
156	0.156929	-1
157	0.163735	-1
158	0.317182	-1
159	0.376332	-1
160	0.487898	-1
161	0.260746	-1
162	0.403216	-1
163	0.160395	-1
164	0.190816	-1
165	0.231169	-1
166	0.356011	-1
167	0.242958	-1
168	0.324199	-1
169	0.168853	-1
170	0.167899	-1
171	0.177294	-1
172	0.281069	-1
173	0.182861	-1
174	0.176744	-1
175	0.157635	-1
176	0.210684	-1
177	0.223422	-1
178	0.280003	-1
179	0.155265	-1
180	0.270547	-1
181	0.237537	-1
182	0.252939	-1
183	0.200749	-1
184	0.0950027	-1
185	0.22329	-1
186	0.37162	-1
187	0.307914	-1
188	0.145058	-1
189	0.341992	-1
190	0.147137	-1
191	0.230208	-1
192	0.332119	-1
193	0.353738	-1
194	0.236083	-1
195	0.231208	-1
196	0.177441	-1
197	0.176878	-1
198	0.174688	-1
199	0.189864	-1
200	0.153435	0.232795
201	0.33881	-1
202	0.252283	-1
203	0.259501	-1
204	0.131912	-1
205	0.287128	-1
206	0.358258	-1
207	0.191309	-1
208	0.376869	-1
209	0.215083	-1
210	0.219901	-1
211	0.197726	-1
212	0.211406	-1
213	0.207047	-1
214	0.281376	-1
215	0.407205	-1
216	0.158329	-1
217	0.172715	-1
218	0.426111	-1
219	0.366505	-1
220	0.197691	-1
221	0.263009	-1
222	0.246334	-1
223	0.196948	-1
224	0.197279	-1
225	0.202431	-1
226	0.306223	-1
227	0.378817	-1
228	0.269646	-1
229	0.245443	-1
230	0.178392	-1
231	0.311466	-1
232	0.174751	-1
233	0.140512	-1
234	0.347288	-1
235	0.156913	-1
236	0.111514	-1
237	0.270282	-1
238	0.150999	-1
239	0.126903	-1
240	0.130872	-1
241	0.198142	-1
242	0.263339	-1
243	0.373116	-1
244	0.207406	-1
245	0.140702	-1
246	0.122669	-1
247	0.0580549	-1
248	0.345981	-1
249	0.238936	-1
250	0.119547	-1
251	0.268464	-1
252	0.333981	-1
253	0.173415	-1
254	0.283608	-1
255	0.248987	-1
256	0.108199	-1
257	0.105159	-1
258	0.144803	-1
259	0.345704	-1
260	0.163797	-1
261	0.364082	-1
262	0.355391	-1
263	0.0917588	-1
264	0.190523	-1
265	0.154437	-1
266	0.243968	-1
267	0.299542	-1
268	0.062584	-1
269	0.30245	-1
270	0.170394	-1
271	0.101145	-1
272	0.221467	-1
273	0.160175	-1
274	0.402482	-1
275	0.127974	-1
276	0.12254	-1
277	0.122589	-1
278	0.173855	-1
279	0.123833	-1
280	0.198494	-1
281	0.120462	-1
282	0.186979	-1
283	0.165536	-1
284	0.349015	-1
285	0.0296916	-1
286	0.330554	-1
287	0.335386	-1
288	0.174204	-1
289	0.228345	-1
290	0.269751	-1
291	0.238308	-1
292	0.0804561	-1
293	0.0848241	-1
294	0.123456	-1
295	0.275836	-1
296	0.175133	-1
297	0.0797817	-1
298	0.16836	-1
299	0.137235	-1
300	0.260498	0.153963
301	0.095324	-1
302	0.154511	-1
303	0.0768117	-1
304	0.309834	-1
305	0.423767	-1
306	0.163735	-1
307	0.19459	-1
308	0.251645	-1
309	0.166402	-1
310	0.0503171	-1
311	0.0916585	-1
312	0.114173	-1
313	0.287592	-1
314	0.259123	-1
315	0.373779	-1
316	0.206535	-1
317	0.174861	-1
318	0.102118	-1
319	0.101579	-1
320	0.236685	-1
321	0.0608766	-1
322	0.113112	-1
323	0.261356	-1
324	0.0959866	-1
325	0.0917557	-1
326	0.295935	-1
327	0.168354	-1
328	0.131984	-1
329	0.223421	-1
330	0.25211	-1
331	0.172979	-1
332	0.118607	-1
333	0.235002	-1
334	0.149457	-1
335	0.0796058	-1
336	0.235051	-1
337	0.172281	-1
338	0.139128	-1
339	0.258098	-1
340	0.285665	-1
341	0.297677	-1
342	0.231365	-1
343	0.175264	-1
344	0.136314	-1
345	0.0432832	-1
346	0.0596903	-1
347	0.0893023	-1
348	0.0870032	-1
349	0.221063	-1
350	0.331154	-1
351	0.306553	-1
352	0.0640305	-1
353	0.119552	-1
354	0.165605	-1
355	0.119444	-1
356	0.225824	-1
357	0.102559	-1
358	0.249025	-1
359	0.161861	-1
360	0.221255	-1
361	0.263454	-1
362	0.168582	-1
363	0.163727	-1
364	0.171763	-1
365	0.162417	-1
366	0.148176	-1
367	0.0959594	-1
368	0.119887	-1
369	0.150744	-1
370	0.0897685	-1
371	0.131247	-1
372	0.066358	-1
373	0.122804	-1
374	0.266986	-1
375	0.189306	-1
376	0.118248	-1
377	0.179527	-1
378	0.348729	-1
379	0.239525	-1
380	0.19384	-1
381	0.145965	-1
382	0.298432	-1
383	0.209335	-1
384	0.206879	-1
385	0.260965	-1
386	0.122924	-1
387	0.181449	-1
388	0.154928	-1
389	0.0688665	-1
390	0.154012	-1
391	0.14224	-1
392	0.175643	-1
393	0.12714	-1
394	0.155566	-1
395	0.217998	-1
396	0.156144	-1
397	0.026353	-1
398	0.131565	-1
399	0.139461	-1
400	0.299083	0.135064
401	0.246827	-1
402	0.208817	-1
403	0.167062	-1
404	0.101932	-1
405	0.160161	-1
406	0.0966069	-1
407	0.0673597	-1
408	0.118873	-1
409	0.165295	-1
410	0.122041	-1
411	0.0786269	-1
412	0.181905	-1
413	0.142561	-1
414	0.228575	-1
415	0.0518627	-1
416	0.108735	-1
417	0.200347	-1
418	0.103102	-1
419	0.0346579	-1
420	0.0851435	-1
421	0.262829	-1
422	0.354921	-1
423	0.734745	-1
424	0.323115	-1
425	0.0920233	-1
426	0.128932	-1
427	0.345664	-1
428	0.279768	-1
429	0.20637	-1
430	0.190102	-1
431	0.140451	-1
432	0.154523	-1
433	0.237685	-1
434	0.126993	-1
435	0.166842	-1
436	0.0927783	-1
437	0.0468512	-1
438	0.114307	-1
439	0.0955772	-1
440	0.110624	-1
441	0.117109	-1
442	0.178694	-1
443	0.127983	-1
444	0.0599348	-1
445	0.120785	-1
446	0.125835	-1
447	0.133198	-1
448	0.0568806	-1
449	0.117333	-1
450	0.315147	-1
451	0.27894	-1
452	0.173405	-1
453	0.107299	-1
454	0.138161	-1
455	0.0846748	-1
456	0.0780868	-1
457	0.0820789	-1
458	0.0479083	-1
459	0.138692	-1
460	0.151116	-1
461	0.328283	-1
462	0.223613	-1
463	0.0807705	-1
464	0.077679	-1
465	0.091221	-1
466	0.141611	-1
467	0.249938	-1
468	0.188427	-1
469	0.14643	-1
470	0.0606474	-1
471	0.157598	-1
472	0.167863	-1
473	0.0451621	-1
474	0.109386	-1
475	0.122486	-1
476	0.180016	-1
477	0.0851932	-1
478	0.0602092	-1
479	0.161881	-1
480	0.149882	-1
481	0.0942034	-1
482	0.170508	-1
483	0.18771	-1
484	0.0575212	-1
485	0.0972128	-1
486	0.0950474	-1
487	0.0412543	-1
488	0.0701263	-1
489	0.12076	-1
490	0.203173	-1
491	0.159192	-1
492	0.0704579	-1
493	0.135477	-1
494	0.131762	-1
495	0.166224	-1
496	0.275311	-1
497	0.161444	-1
498	0.114237	-1
499	0.0464783	-1
500	0.0557382	0.108774
501	-1	-1
502	-1	-1
503	-1	-1
504	-1	-1
505	-1	-1
506	-1	-1
507	-1	-1
508	-1	-1
509	-1	-1
510	-1	-1
511	-1	-1
512	-1	-1
513	-1	-1
514	-1	-1
515	-1	-1
516	-1	-1
517	-1	-1
518	-1	-1
519	-1	-1
520	-1	-1
521	-1	-1
522	-1	-1
523	-1	-1
524	-1	-1
525	-1	-1
526	-1	-1
527	-1	-1
528	-1	-1
529	-1	-1
530	-1	-1
531	-1	-1
532	-1	-1
533	-1	-1
534	-1	-1
535	-1	-1
536	-1	-1
537	-1	-1
538	-1	-1
539	-1	-1
540	-1	-1
541	-1	-1
542	-1	-1
543	-1	-1
544	-1	-1
545	-1	-1
546	-1	-1
547	-1	-1
548	-1	-1
549	-1	-1
550	-1	-1
551	-1	-1
552	-1	-1
553	-1	-1
554	-1	-1
555	-1	-1
556	-1	-1
557	-1	-1
558	-1	-1
559	-1	-1
560	-1	-1
561	-1	-1
562	-1	-1
563	-1	-1
564	-1	-1
565	-1	-1
566	-1	-1
567	-1	-1
568	-1	-1
569	-1	-1
570	-1	-1
571	-1	-1
572	-1	-1
573	-1	-1
574	-1	-1
575	-1	-1
576	-1	-1
577	-1	-1
578	-1	-1
579	-1	-1
580	-1	-1
581	-1	-1
582	-1	-1
583	-1	-1
584	-1	-1
585	-1	-1
586	-1	-1
587	-1	-1
588	-1	-1
589	-1	-1
590	-1	-1
591	-1	-1
592	-1	-1
593	-1	-1
594	-1	-1
595	-1	-1
596	-1	-1
597	-1	-1
598	-1	-1
599	-1	-1
600	-1	-1
601	-1	-1
602	-1	-1
603	-1	-1
604	-1	-1
605	-1	-1
606	-1	-1
607	-1	-1
608	-1	-1
609	-1	-1
610	-1	-1
611	-1	-1
612	-1	-1
613	-1	-1
614	-1	-1
615	-1	-1
616	-1	-1
617	-1	-1
618	-1	-1
619	-1	-1
620	-1	-1
621	-1	-1
622	-1	-1
623	-1	-1
624	-1	-1
625	-1	-1
626	-1	-1
627	-1	-1
628	-1	-1
629	-1	-1
630	-1	-1
631	-1	-1
632	-1	-1
633	-1	-1
634	-1	-1
635	-1	-1
636	-1	-1
637	-1	-1
638	-1	-1
639	-1	-1
640	-1	-1
641	-1	-1
642	-1	-1
643	-1	-1
644	-1	-1
645	-1	-1
646	-1	-1
647	-1	-1
648	-1	-1
649	-1	-1
650	-1	-1
651	-1	-1
652	-1	-1
653	-1	-1
654	-1	-1
655	-1	-1
656	-1	-1
657	-1	-1
658	-1	-1
659	-1	-1
660	-1	-1
661	-1	-1
662	-1	-1
663	-1	-1
664	-1	-1
665	-1	-1
666	-1	-1
667	-1	-1
668	-1	-1
669	-1	-1
670	-1	-1
671	-1	-1
672	-1	-1
673	-1	-1
674	-1	-1
675	-1	-1
676	-1	-1
677	-1	-1
678	-1	-1
679	-1	-1
680	-1	-1
681	-1	-1
682	-1	-1
683	-1	-1
684	-1	-1
685	-1	-1
686	-1	-1
687	-1	-1
688	-1	-1
689	-1	-1
690	-1	-1
691	-1	-1
692	-1	-1
693	-1	-1
694	-1	-1
695	-1	-1
696	-1	-1
697	-1	-1
698	-1	-1
699	-1	-1
700	-1	-1
701	-1	-1
702	-1	-1
703	-1	-1
704	-1	-1
705	-1	-1
706	-1	-1
707	-1	-1
708	-1	-1
709	-1	-1
710	-1	-1
711	-1	-1
712	-1	-1
713	-1	-1
714	-1	-1
715	-1	-1
716	-1	-1
717	-1	-1
718	-1	-1
719	-1	-1
720	-1	-1
721	-1	-1
722	-1	-1
723	-1	-1
724	-1	-1
725	-1	-1
726	-1	-1
727	-1	-1
728	-1	-1
729	-1	-1
730	-1	-1
731	-1	-1
732	-1	-1
733	-1	-1
734	-1	-1
735	-1	-1
736	-1	-1
737	-1	-1
738	-1	-1
739	-1	-1
740	-1	-1
741	-1	-1
742	-1	-1
743	-1	-1
744	-1	-1
745	-1	-1
746	-1	-1
747	-1	-1
748	-1	-1
749	-1	-1
750	-1	-1
751	-1	-1
752	-1	-1
753	-1	-1
754	-1	-1
755	-1	-1
756	-1	-1
757	-1	-1
758	-1	-1
759	-1	-1
760	-1	-1
761	-1	-1
762	-1	-1
763	-1	-1
764	-1	-1
765	-1	-1
766	-1	-1
767	-1	-1
768	-1	-1
769	-1	-1
770	-1	-1
771	-1	-1
772	-1	-1
773	-1	-1
774	-1	-1
775	-1	-1
776	-1	-1
777	-1	-1
778	-1	-1
779	-1	-1
780	-1	-1
781	-1	-1
782	-1	-1
783	-1	-1
784	-1	-1
785	-1	-1
786	-1	-1
787	-1	-1
788	-1	-1
789	-1	-1
790	-1	-1
791	-1	-1
792	-1	-1
793	-1	-1
794	-1	-1
795	-1	-1
796	-1	-1
797	-1	-1
798	-1	-1
799	-1	-1
800	-1	-1
801	-1	-1
802	-1	-1
803	-1	-1
804	-1	-1
805	-1	-1
806	-1	-1
807	-1	-1
808	-1	-1
809	-1	-1
810	-1	-1
811	-1	-1
812	-1	-1
813	-1	-1
814	-1	-1
815	-1	-1
816	-1	-1
817	-1	-1
818	-1	-1
819	-1	-1
820	-1	-1
821	-1	-1
822	-1	-1
823	-1	-1
824	-1	-1
825	-1	-1
826	-1	-1
827	-1	-1
828	-1	-1
829	-1	-1
830	-1	-1
831	-1	-1
832	-1	-1
833	-1	-1
834	-1	-1
835	-1	-1
836	-1	-1
837	-1	-1
838	-1	-1
839	-1	-1
840	-1	-1
841	-1	-1
842	-1	-1
843	-1	-1
844	-1	-1
845	-1	-1
846	-1	-1
847	-1	-1
848	-1	-1
849	-1	-1
850	-1	-1
851	-1	-1
852	-1	-1
853	-1	-1
854	-1	-1
855	-1	-1
856	-1	-1
857	-1	-1
858	-1	-1
859	-1	-1
860	-1	-1
861	-1	-1
862	-1	-1
863	-1	-1
864	-1	-1
865	-1	-1
866	-1	-1
867	-1	-1
868	-1	-1
869	-1	-1
870	-1	-1
871	-1	-1
872	-1	-1
873	-1	-1
874	-1	-1
875	-1	-1
876	-1	-1
877	-1	-1
878	-1	-1
879	-1	-1
880	-1	-1
881	-1	-1
882	-1	-1
883	-1	-1
884	-1	-1
885	-1	-1
886	-1	-1
887	-1	-1
888	-1	-1
889	-1	-1
890	-1	-1
891	-1	-1
892	-1	-1
893	-1	-1
894	-1	-1
895	-1	-1
896	-1	-1
897	-1	-1
898	-1	-1
899	-1	-1
900	-1	-1
901	-1	-1
902	-1	-1
903	-1	-1
904	-1	-1
905	-1	-1
906	-1	-1
907	-1	-1
908	-1	-1
909	-1	-1
910	-1	-1
911	-1	-1
912	-1	-1
913	-1	-1
914	-1	-1
915	-1	-1
916	-1	-1
917	-1	-1
918	-1	-1
919	-1	-1
920	-1	-1
921	-1	-1
922	-1	-1
923	-1	-1
924	-1	-1
925	-1	-1
926	-1	-1
927	-1	-1
928	-1	-1
929	-1	-1
930	-1	-1
931	-1	-1
932	-1	-1
933	-1	-1
934	-1	-1
935	-1	-1
936	-1	-1
937	-1	-1
938	-1	-1
939	-1	-1
940	-1	-1
941	-1	-1
942	-1	-1
943	-1	-1
944	-1	-1
945	-1	-1
946	-1	-1
947	-1	-1
948	-1	-1
949	-1	-1
950	-1	-1
951	-1	-1
952	-1	-1
953	-1	-1
954	-1	-1
955	-1	-1
956	-1	-1
957	-1	-1
958	-1	-1
959	-1	-1
960	-1	-1
961	-1	-1
962	-1	-1
963	-1	-1
964	-1	-1
965	-1	-1
966	-1	-1
967	-1	-1
968	-1	-1
969	-1	-1
970	-1	-1
971	-1	-1
972	-1	-1
973	-1	-1
974	-1	-1
975	-1	-1
976	-1	-1
977	-1	-1
978	-1	-1
979	-1	-1
980	-1	-1
981	-1	-1
982	-1	-1
983	-1	-1
984	-1	-1
985	-1	-1
986	-1	-1
987	-1	-1
988	-1	-1
989	-1	-1
990	-1	-1
991	-1	-1
992	-1	-1
993	-1	-1
994	-1	-1
995	-1	-1
996	-1	-1
997	-1	-1
998	-1	-1
999	-1	-1
1000	-1	-1
