1	2.31503	-1
2	2.3256	-1
3	2.28703	-1
4	2.23976	-1
5	2.23292	-1
6	2.13216	-1
7	2.17428	-1
8	2.15491	-1
9	2.12159	-1
10	2.13514	-1
11	2.02814	-1
12	2.11202	-1
13	2.05847	-1
14	1.9323	-1
15	1.75815	-1
16	1.6711	-1
17	1.52619	-1
18	1.58671	-1
19	1.97635	-1
20	1.90984	-1
21	1.59626	-1
22	1.36305	-1
23	1.25955	-1
24	1.54153	-1
25	1.59544	-1
26	1.12835	-1
27	0.970147	-1
28	0.800952	-1
29	0.750352	-1
30	1.05367	-1
31	1.49368	-1
32	1.333	-1
33	1.14231	-1
34	0.763025	-1
35	0.538342	-1
36	0.615041	-1
37	0.83224	-1
38	0.942939	-1
39	0.846094	-1
40	0.489163	-1
41	0.720888	-1
42	0.980018	-1
43	0.763294	-1
44	0.570251	-1
45	0.531972	-1
46	0.610343	-1
47	0.796751	-1
48	1.17889	-1
49	0.659636	-1
50	0.480189	-1
51	0.505122	-1
52	0.667039	-1
53	0.501386	-1
54	0.638312	-1
55	0.476033	-1
56	0.53696	-1
57	0.380979	-1
58	0.491137	-1
59	0.364016	-1
60	0.460076	-1
61	0.494869	-1
62	1.15658	-1
63	0.712805	-1
64	0.640876	-1
65	0.501835	-1
66	0.303587	-1
67	0.489498	-1
68	0.52745	-1
69	0.560712	-1
70	0.573551	-1
71	0.71353	-1
72	0.51241	-1
73	0.44131	-1
74	0.437577	-1
75	0.452679	-1
76	0.456534	-1
77	0.673864	-1
78	0.510486	-1
79	0.247943	-1
80	0.34878	-1
81	0.50714	-1
82	0.365607	-1
83	0.39046	-1
84	0.151918	-1
85	0.194608	-1
86	0.248863	-1
87	0.732305	-1
88	0.869242	-1
89	0.954741	-1
90	0.525377	-1
91	0.509426	-1
92	0.299697	-1
93	0.265163	-1
94	0.31697	-1
95	0.339098	-1
96	0.459776	-1
97	0.35062	-1
98	0.246219	-1
99	0.380566	-1
100	0.400697	0.302553
101	0.278095	-1
102	0.198439	-1
103	0.143815	-1
104	0.35485	-1
105	0.398786	-1
106	0.542942	-1
107	0.207918	-1
108	0.247249	-1
109	0.57713	-1
110	0.320394	-1
111	0.37424	-1
112	0.529427	-1
113	0.36515	-1
114	0.466024	-1
115	0.36345	-1
116	0.217558	-1
117	0.302288	-1
118	0.239444	-1
119	0.167443	-1
120	0.310644	-1
121	0.259573	-1
122	0.179912	-1
123	0.369066	-1
124	0.564617	-1
125	0.189573	-1
126	0.244053	-1
127	0.310464	-1
128	0.253663	-1
129	0.144646	-1
130	0.12871	-1
131	0.268126	-1
132	0.188652	-1
133	0.113898	-1
134	0.253493	-1
135	0.37656	-1
136	0.14371	-1
137	0.384796	-1
138	0.420879	-1
139	0.25567	-1
140	0.204855	-1
141	0.137756	-1
142	0.381594	-1
143	0.323812	-1
144	0.198561	-1
145	0.138943	-1
146	0.183419	-1
147	0.147321	-1
148	0.268049	-1
149	0.11947	-1
150	0.132901	-1
151	0.187472	-1
152	0.207583	-1
153	0.183155	-1
154	0.295593	-1
155	0.519796	-1
156	0.399824	-1
157	0.489679	-1
158	0.419111	-1
159	0.305209	-1
160	0.258402	-1
161	0.312941	-1
162	0.151452	-1
163	0.134114	-1
164	0.237385	-1
165	0.290287	-1
166	0.151055	-1
167	0.248241	-1
168	0.241936	-1
169	0.181436	-1
170	0.201697	-1
171	0.406022	-1
172	0.227783	-1
173	0.389429	-1
174	0.284743	-1
175	0.179393	-1
176	0.259731	-1
177	0.307243	-1
178	0.109191	-1
179	0.317156	-1
180	0.168923	-1
181	0.233289	-1
182	0.244418	-1
183	0.274834	-1
184	0.386475	-1
185	0.267018	-1
186	0.218215	-1
187	0.0985439	-1
188	0.117888	-1
189	0.147852	-1
190	0.229018	-1
191	0.301156	-1
192	0.0853781	-1
193	0.187145	-1
194	0.206975	-1
195	0.292125	-1
196	0.13284	-1
197	0.134877	-1
198	0.113513	-1
199	0.0644967	-1
200	0.0759747	0.170981
201	0.203621	-1
202	0.138298	-1
203	0.202637	-1
204	0.135307	-1
205	0.148041	-1
206	0.324946	-1
207	0.199834	-1
208	0.141182	-1
209	0.137467	-1
210	0.225223	-1
211	0.137027	-1
212	0.276128	-1
213	0.285376	-1
214	0.115917	-1
215	0.418736	-1
216	0.317939	-1
217	0.215672	-1
218	0.0996571	-1
219	0.128027	-1
220	0.283121	-1
221	0.0617515	-1
222	0.256756	-1
223	0.11257	-1
224	0.0888293	-1
225	0.0602073	-1
226	0.177133	-1
227	0.347899	-1
228	0.374291	-1
229	0.1956	-1
230	0.123947	-1
231	0.102178	-1
232	0.0952742	-1
233	0.342356	-1
234	0.254753	-1
235	0.112988	-1
236	0.246075	-1
237	0.0916856	-1
238	0.0905675	-1
239	0.169445	-1
240	0.141517	-1
241	0.254293	-1
242	0.187358	-1
243	0.15957	-1
244	0.415531	-1
245	0.259973	-1
246	0.0697366	-1
247	0.16259	-1
248	0.17522	-1
249	0.113671	-1
250	0.518648	-1
251	0.220472	-1
252	0.550433	-1
253	0.125178	-1
254	0.296819	-1
255	0.114701	-1
256	0.256687	-1
257	0.176761	-1
258	0.217602	-1
259	0.229083	-1
260	0.327894	-1
261	0.338143	-1
262	0.410665	-1
263	0.173842	-1
264	0.172643	-1
265	0.190433	-1
266	0.127257	-1
267	0.193515	-1
268	0.183121	-1
269	0.163697	-1
270	0.282988	-1
271	0.248032	-1
272	0.223098	-1
273	0.166148	-1
274	0.226803	-1
275	0.196173	-1
276	0.273351	-1
277	0.310852	-1
278	0.16873	-1
279	0.0775823	-1
280	0.115974	-1
281	0.137381	-1
282	0.0486073	-1
283	0.0710638	-1
284	0.311442	-1
285	0.208327	-1
286	0.216959	-1
287	0.0855913	-1
288	0.0853374	-1
289	0.1329	-1
290	0.140108	-1
291	0.247933	-1
292	0.134667	-1
293	0.144662	-1
294	0.0695577	-1
295	0.094414	-1
296	0.121072	-1
297	0.209959	-1
298	0.358785	-1
299	0.215862	-1
300	0.275593	0.147921
301	0.168002	-1
302	0.192317	-1
303	0.150191	-1
304	0.131669	-1
305	0.149579	-1
306	0.293995	-1
307	0.145826	-1
308	0.145818	-1
309	0.0780627	-1
310	0.0849804	-1
311	0.127601	-1
312	0.154482	-1
313	0.185207	-1
314	0.201561	-1
315	0.111658	-1
316	0.116239	-1
317	0.246512	-1
318	0.222647	-1
319	0.0558606	-1
320	0.121999	-1
321	0.179096	-1
322	0.14739	-1
323	0.0472204	-1
324	0.124761	-1
325	0.40038	-1
326	0.213485	-1
327	0.12107	-1
328	0.0933797	-1
329	0.158646	-1
330	0.280378	-1
331	0.108953	-1
332	0.176033	-1
333	0.16283	-1
334	0.174852	-1
335	0.0507688	-1
336	0.164719	-1
337	0.170074	-1
338	0.295278	-1
339	0.24775	-1
340	0.0771063	-1
341	0.174436	-1
342	0.13686	-1
343	0.173048	-1
344	0.185532	-1
345	0.110983	-1
346	0.112527	-1
347	0.140988	-1
348	0.140881	-1
349	0.113274	-1
350	0.152213	-1
351	0.210439	-1
352	0.083564	-1
353	0.10107	-1
354	0.30116	-1
355	0.241385	-1
356	0.16456	-1
357	0.162642	-1
358	0.228131	-1
359	0.0690533	-1
360	0.273888	-1
361	0.131148	-1
362	0.240249	-1
363	0.260931	-1
364	0.142724	-1
365	0.335183	-1
366	0.176083	-1
367	0.150387	-1
368	0.024962	-1
369	0.118727	-1
370	0.234528	-1
371	0.145651	-1
372	0.0745812	-1
373	0.146611	-1
374	0.270538	-1
375	0.260865	-1
376	0.0614158	-1
377	0.105628	-1
378	0.147826	-1
379	0.139718	-1
380	0.112621	-1
381	0.18372	-1
382	0.205396	-1
383	0.181924	-1
384	0.250467	-1
385	0.254921	-1
386	0.0536635	-1
387	0.120171	-1
388	0.0372631	-1
389	0.168191	-1
390	0.229249	-1
391	0.15972	-1
392	0.189829	-1
393	0.211647	-1
394	0.0719895	-1
395	0.2192	-1
396	0.0908368	-1
397	0.473554	-1
398	0.351823	-1
399	0.135521	-1
400	0.0908481	0.112127
401	-1	-1
402	-1	-1
403	-1	-1
404	-1	-1
405	-1	-1
406	-1	-1
407	-1	-1
408	-1	-1
409	-1	-1
410	-1	-1
411	-1	-1
412	-1	-1
413	-1	-1
414	-1	-1
415	-1	-1
416	-1	-1
417	-1	-1
418	-1	-1
419	-1	-1
420	-1	-1
421	-1	-1
422	-1	-1
423	-1	-1
424	-1	-1
425	-1	-1
426	-1	-1
427	-1	-1
428	-1	-1
429	-1	-1
430	-1	-1
431	-1	-1
432	-1	-1
433	-1	-1
434	-1	-1
435	-1	-1
436	-1	-1
437	-1	-1
438	-1	-1
439	-1	-1
440	-1	-1
441	-1	-1
442	-1	-1
443	-1	-1
444	-1	-1
445	-1	-1
446	-1	-1
447	-1	-1
448	-1	-1
449	-1	-1
450	-1	-1
451	-1	-1
452	-1	-1
453	-1	-1
454	-1	-1
455	-1	-1
456	-1	-1
457	-1	-1
458	-1	-1
459	-1	-1
460	-1	-1
461	-1	-1
462	-1	-1
463	-1	-1
464	-1	-1
465	-1	-1
466	-1	-1
467	-1	-1
468	-1	-1
469	-1	-1
470	-1	-1
471	-1	-1
472	-1	-1
473	-1	-1
474	-1	-1
475	-1	-1
476	-1	-1
477	-1	-1
478	-1	-1
479	-1	-1
480	-1	-1
481	-1	-1
482	-1	-1
483	-1	-1
484	-1	-1
485	-1	-1
486	-1	-1
487	-1	-1
488	-1	-1
489	-1	-1
490	-1	-1
491	-1	-1
492	-1	-1
493	-1	-1
494	-1	-1
495	-1	-1
496	-1	-1
497	-1	-1
498	-1	-1
499	-1	-1
500	-1	-1
501	-1	-1
502	-1	-1
503	-1	-1
504	-1	-1
505	-1	-1
506	-1	-1
507	-1	-1
508	-1	-1
509	-1	-1
510	-1	-1
511	-1	-1
512	-1	-1
513	-1	-1
514	-1	-1
515	-1	-1
516	-1	-1
517	-1	-1
518	-1	-1
519	-1	-1
520	-1	-1
521	-1	-1
522	-1	-1
523	-1	-1
524	-1	-1
525	-1	-1
526	-1	-1
527	-1	-1
528	-1	-1
529	-1	-1
530	-1	-1
531	-1	-1
532	-1	-1
533	-1	-1
534	-1	-1
535	-1	-1
536	-1	-1
537	-1	-1
538	-1	-1
539	-1	-1
540	-1	-1
541	-1	-1
542	-1	-1
543	-1	-1
544	-1	-1
545	-1	-1
546	-1	-1
547	-1	-1
548	-1	-1
549	-1	-1
550	-1	-1
551	-1	-1
552	-1	-1
553	-1	-1
554	-1	-1
555	-1	-1
556	-1	-1
557	-1	-1
558	-1	-1
559	-1	-1
560	-1	-1
561	-1	-1
562	-1	-1
563	-1	-1
564	-1	-1
565	-1	-1
566	-1	-1
567	-1	-1
568	-1	-1
569	-1	-1
570	-1	-1
571	-1	-1
572	-1	-1
573	-1	-1
574	-1	-1
575	-1	-1
576	-1	-1
577	-1	-1
578	-1	-1
579	-1	-1
580	-1	-1
581	-1	-1
582	-1	-1
583	-1	-1
584	-1	-1
585	-1	-1
586	-1	-1
587	-1	-1
588	-1	-1
589	-1	-1
590	-1	-1
591	-1	-1
592	-1	-1
593	-1	-1
594	-1	-1
595	-1	-1
596	-1	-1
597	-1	-1
598	-1	-1
599	-1	-1
600	-1	-1
601	-1	-1
602	-1	-1
603	-1	-1
604	-1	-1
605	-1	-1
606	-1	-1
607	-1	-1
608	-1	-1
609	-1	-1
610	-1	-1
611	-1	-1
612	-1	-1
613	-1	-1
614	-1	-1
615	-1	-1
616	-1	-1
617	-1	-1
618	-1	-1
619	-1	-1
620	-1	-1
621	-1	-1
622	-1	-1
623	-1	-1
624	-1	-1
625	-1	-1
626	-1	-1
627	-1	-1
628	-1	-1
629	-1	-1
630	-1	-1
631	-1	-1
632	-1	-1
633	-1	-1
634	-1	-1
635	-1	-1
636	-1	-1
637	-1	-1
638	-1	-1
639	-1	-1
640	-1	-1
641	-1	-1
642	-1	-1
643	-1	-1
644	-1	-1
645	-1	-1
646	-1	-1
647	-1	-1
648	-1	-1
649	-1	-1
650	-1	-1
651	-1	-1
652	-1	-1
653	-1	-1
654	-1	-1
655	-1	-1
656	-1	-1
657	-1	-1
658	-1	-1
659	-1	-1
660	-1	-1
661	-1	-1
662	-1	-1
663	-1	-1
664	-1	-1
665	-1	-1
666	-1	-1
667	-1	-1
668	-1	-1
669	-1	-1
670	-1	-1
671	-1	-1
672	-1	-1
673	-1	-1
674	-1	-1
675	-1	-1
676	-1	-1
677	-1	-1
678	-1	-1
679	-1	-1
680	-1	-1
681	-1	-1
682	-1	-1
683	-1	-1
684	-1	-1
685	-1	-1
686	-1	-1
687	-1	-1
688	-1	-1
689	-1	-1
690	-1	-1
691	-1	-1
692	-1	-1
693	-1	-1
694	-1	-1
695	-1	-1
696	-1	-1
697	-1	-1
698	-1	-1
699	-1	-1
700	-1	-1
701	-1	-1
702	-1	-1
703	-1	-1
704	-1	-1
705	-1	-1
706	-1	-1
707	-1	-1
708	-1	-1
709	-1	-1
710	-1	-1
711	-1	-1
712	-1	-1
713	-1	-1
714	-1	-1
715	-1	-1
716	-1	-1
717	-1	-1
718	-1	-1
719	-1	-1
720	-1	-1
721	-1	-1
722	-1	-1
723	-1	-1
724	-1	-1
725	-1	-1
726	-1	-1
727	-1	-1
728	-1	-1
729	-1	-1
730	-1	-1
731	-1	-1
732	-1	-1
733	-1	-1
734	-1	-1
735	-1	-1
736	-1	-1
737	-1	-1
738	-1	-1
739	-1	-1
740	-1	-1
741	-1	-1
742	-1	-1
743	-1	-1
744	-1	-1
745	-1	-1
746	-1	-1
747	-1	-1
748	-1	-1
749	-1	-1
750	-1	-1
751	-1	-1
752	-1	-1
753	-1	-1
754	-1	-1
755	-1	-1
756	-1	-1
757	-1	-1
758	-1	-1
759	-1	-1
760	-1	-1
761	-1	-1
762	-1	-1
763	-1	-1
764	-1	-1
765	-1	-1
766	-1	-1
767	-1	-1
768	-1	-1
769	-1	-1
770	-1	-1
771	-1	-1
772	-1	-1
773	-1	-1
774	-1	-1
775	-1	-1
776	-1	-1
777	-1	-1
778	-1	-1
779	-1	-1
780	-1	-1
781	-1	-1
782	-1	-1
783	-1	-1
784	-1	-1
785	-1	-1
786	-1	-1
787	-1	-1
788	-1	-1
789	-1	-1
790	-1	-1
791	-1	-1
792	-1	-1
793	-1	-1
794	-1	-1
795	-1	-1
796	-1	-1
797	-1	-1
798	-1	-1
799	-1	-1
800	-1	-1
801	-1	-1
802	-1	-1
803	-1	-1
804	-1	-1
805	-1	-1
806	-1	-1
807	-1	-1
808	-1	-1
809	-1	-1
810	-1	-1
811	-1	-1
812	-1	-1
813	-1	-1
814	-1	-1
815	-1	-1
816	-1	-1
817	-1	-1
818	-1	-1
819	-1	-1
820	-1	-1
821	-1	-1
822	-1	-1
823	-1	-1
824	-1	-1
825	-1	-1
826	-1	-1
827	-1	-1
828	-1	-1
829	-1	-1
830	-1	-1
831	-1	-1
832	-1	-1
833	-1	-1
834	-1	-1
835	-1	-1
836	-1	-1
837	-1	-1
838	-1	-1
839	-1	-1
840	-1	-1
841	-1	-1
842	-1	-1
843	-1	-1
844	-1	-1
845	-1	-1
846	-1	-1
847	-1	-1
848	-1	-1
849	-1	-1
850	-1	-1
851	-1	-1
852	-1	-1
853	-1	-1
854	-1	-1
855	-1	-1
856	-1	-1
857	-1	-1
858	-1	-1
859	-1	-1
860	-1	-1
861	-1	-1
862	-1	-1
863	-1	-1
864	-1	-1
865	-1	-1
866	-1	-1
867	-1	-1
868	-1	-1
869	-1	-1
870	-1	-1
871	-1	-1
872	-1	-1
873	-1	-1
874	-1	-1
875	-1	-1
876	-1	-1
877	-1	-1
878	-1	-1
879	-1	-1
880	-1	-1
881	-1	-1
882	-1	-1
883	-1	-1
884	-1	-1
885	-1	-1
886	-1	-1
887	-1	-1
888	-1	-1
889	-1	-1
890	-1	-1
891	-1	-1
892	-1	-1
893	-1	-1
894	-1	-1
895	-1	-1
896	-1	-1
897	-1	-1
898	-1	-1
899	-1	-1
900	-1	-1
901	-1	-1
902	-1	-1
903	-1	-1
904	-1	-1
905	-1	-1
906	-1	-1
907	-1	-1
908	-1	-1
909	-1	-1
910	-1	-1
911	-1	-1
912	-1	-1
913	-1	-1
914	-1	-1
915	-1	-1
916	-1	-1
917	-1	-1
918	-1	-1
919	-1	-1
920	-1	-1
921	-1	-1
922	-1	-1
923	-1	-1
924	-1	-1
925	-1	-1
926	-1	-1
927	-1	-1
928	-1	-1
929	-1	-1
930	-1	-1
931	-1	-1
932	-1	-1
933	-1	-1
934	-1	-1
935	-1	-1
936	-1	-1
937	-1	-1
938	-1	-1
939	-1	-1
940	-1	-1
941	-1	-1
942	-1	-1
943	-1	-1
944	-1	-1
945	-1	-1
946	-1	-1
947	-1	-1
948	-1	-1
949	-1	-1
950	-1	-1
951	-1	-1
952	-1	-1
953	-1	-1
954	-1	-1
955	-1	-1
956	-1	-1
957	-1	-1
958	-1	-1
959	-1	-1
960	-1	-1
961	-1	-1
962	-1	-1
963	-1	-1
964	-1	-1
965	-1	-1
966	-1	-1
967	-1	-1
968	-1	-1
969	-1	-1
970	-1	-1
971	-1	-1
972	-1	-1
973	-1	-1
974	-1	-1
975	-1	-1
976	-1	-1
977	-1	-1
978	-1	-1
979	-1	-1
980	-1	-1
981	-1	-1
982	-1	-1
983	-1	-1
984	-1	-1
985	-1	-1
986	-1	-1
987	-1	-1
988	-1	-1
989	-1	-1
990	-1	-1
991	-1	-1
992	-1	-1
993	-1	-1
994	-1	-1
995	-1	-1
996	-1	-1
997	-1	-1
998	-1	-1
999	-1	-1
1000	-1	-1
